/home/lol/total_full_video/20200301_GEN_APK_2_full.mp4
1
9310 9311
/home/lol/total_full_video/20200304_DWG_DRX_1_full.mp4
18
6126 6622
6998 7416
13534 13741
14149 14275
20316 21867
24640 24823
25159 25895
32157 32928
36856 37497
41610 43659
50095 50602
52604 53696
54132 54913
55058 55059
56531 56774
57268 58036
58599 59799
62467 62599
/home/lol/total_full_video/20200304_DWG_DRX_2_full.mp4
15
4292 4754
7225 8213
9948 10802
14453 16133
17328 17877
19775 20155
21325 22569
24012 24674
28065 28425
40545 41370
43735 44398
45894 46165
46745 47500
53637 54594
58378 60211
/home/lol/total_full_video/20200304_HLE_APK_1_full.mp4
13
11489 11838
14663 15220
19418 19428
19507 20577
25452 25930
29713 30163
34370 34751
45823 46250
46878 47927
49627 50251
51077 52093
54819 55449
55765 56843
/home/lol/total_full_video/20200304_HLE_APK_2_full.mp4
19
13584 14415
17891 18342
22233 22731
31595 32231
38465 38495
38595 38727
39855 40118
40333 41707
48892 49189
51853 52023
52248 52879
56982 57546
59854 60463
60560 60796
63279 63482
67187 67437
69103 69473
71576 72859
76525 78248
/home/lol/total_full_video/20200305_AF_T1_1_full.mp4
1
8790 8791
/home/lol/total_full_video/20200305_AF_T1_2_full.mp4
14
8090 8348
18497 19286
22948 23813
30001 30414
31477 32188
37766 38196
39752 39991
44297 44790
46110 46920
47274 47419
51841 52453
56096 56569
60427 61391
64354 64461
/home/lol/total_full_video/20200305_AF_T1_3_full.mp4
18
8067 8388
8651 9132
13992 14855
16612 16869
18834 19681
23518 23872
31106 31360
38171 38400
39523 40432
47260 47937
49641 50598
57768 58512
59187 59701
65272 65562
72800 73383
73699 74215
74842 75461
76087 76533
/home/lol/total_full_video/20200305_SB_GEN_1_full.mp4
14
12262 13369
20326 21131
30013 30117
34585 34920
35154 36831
40586 40815
44572 45809
48140 49312
58296 58731
62110 62495
62956 64089
68006 68218
69137 69577
73924 74857
/home/lol/total_full_video/20200305_SB_GEN_2_full.mp4
19
4674 5064
6632 7206
8742 9230
9973 10359
15220 15362
15364 15423
15450 15722
19425 19557
21870 21986
22265 23096
24390 24621
28185 28763
32578 32876
33941 34695
37172 37687
41755 42589
44307 45208
50226 50430
50498 51491
/home/lol/total_full_video/20200306_GRF_KT_1_full.mp4
11
4224 4439
20772 20921
25234 25648
35681 36270
44113 44373
45319 46206
50856 51664
54553 55566
58510 58756
59341 59872
63649 65885
/home/lol/total_full_video/20200306_GRF_KT_2_full.mp4
10
5680 5995
11868 12467
20934 21138
21197 21685
34568 34946
38196 39120
44003 44345
48994 49738
54040 56922
59840 61001
/home/lol/total_full_video/20200306_GRF_KT_3_full.mp4
13
10496 10707
13672 14062
14709 15249
16257 16258
23651 24000
26101 26436
30501 30947
32913 33617
34033 35815
40622 40938
41310 41573
44118 44646
51654 53331
/home/lol/total_full_video/20200325_GRF_GEN_1_full.mp4
0
/home/lol/total_full_video/20200325_HLE_DRX_1_full.mp4
17
5987 6222
9879 10199
13779 13798
13847 14048
17889 17919
17967 18271
18927 19864
22299 22607
36959 37236
37402 37682
39222 39831
40367 40784
44168 45580
47757 48034
50927 52129
53944 55592
58541 59469
/home/lol/total_full_video/20200325_HLE_DRX_2_full.mp4
19
7655 8178
13235 13488
15802 15803
16178 16239
17822 18179
18858 19084
20015 20694
22729 23126
23319 23795
33002 33377
33742 34070
35452 35691
44713 45262
47529 48169
48651 49156
51525 51743
55525 56043
57471 58022
60602 62020
/home/lol/total_full_video/20200325_HLE_DRX_3_full.mp4
16
1990 2285
6751 6876
7246 7508
8839 8869
9213 9812
11502 11971
12878 13449
21026 21836
23058 24428
25126 25611
33344 33915
49867 50350
51415 52125
58614 59378
60190 60714
70274 72345
/home/lol/total_full_video/20200325_KT_DWG_1_full.mp4
17
3359 3757
11452 12047
12788 13616
15402 15784
17358 17565
17970 18762
25908 25909
25914 25951
25983 26133
26812 27165
32658 32985
33701 34232
38270 38890
40973 41009
43200 43883
48886 49799
50603 51132
/home/lol/total_full_video/20200325_KT_DWG_2_full.mp4
11
6364 6547
13112 14180
14980 15427
18439 19399
21479 21729
31635 32365
46391 47788
51006 51626
53390 53874
57371 58967
61741 63057
/home/lol/total_full_video/20200325_KT_DWG_3_full.mp4
13
5056 5237
10297 10617
10673 10705
12448 12565
12669 13801
18548 18948
21137 22656
24889 25206
26365 27156
35889 36641
37128 37451
43209 43493
46458 47806
/home/lol/total_full_video/20200326_AF_SB_1_full.mp4
16
6794 7095
12772 13868
19723 20111
25216 25739
27247 28175
30856 31263
32465 32830
36326 36358
36418 36691
36926 37218
37263 37280
49034 49378
50170 51118
55137 55430
55483 56570
61952 62048
/home/lol/total_full_video/20200326_AF_SB_2_full.mp4
10
6409 6528
6682 6832
7489 8017
22599 22983
23287 23796
41295 42563
45992 46357
57326 58262
62772 63484
67237 68681
/home/lol/total_full_video/20200326_GEN_DWG_1_full.mp4
11
4941 5189
6692 7527
8725 9051
11866 12750
15293 15794
17533 18755
35424 35952
38848 40155
42666 42782
48253 48702
49589 51438
/home/lol/total_full_video/20200326_GEN_DWG_2_full.mp4
16
6906 6936
7027 7373
8236 8702
14450 14744
17820 18289
23863 24098
25143 25716
27993 28629
32558 33926
40335 40548
43170 43811
50848 51924
56682 57506
57898 58740
61993 62552
62608 64332
/home/lol/total_full_video/20200326_T1_APK_1_full.mp4
8
16330 16662
17124 17813
21139 21612
26053 26792
27269 27595
37083 37968
38811 40410
41532 43968
/home/lol/total_full_video/20200327_HLE_KT_1_full.mp4
13
8184 8301
8363 8536
17170 17417
20276 20576
25158 25642
29932 30364
32009 32794
39617 40054
43877 44429
46986 48125
49312 49492
51945 53388
55689 56473
/home/lol/total_full_video/20200327_HLE_KT_2_full.mp4
11
11299 11672
20513 20792
24405 25622
28527 28771
29272 30026
32302 33667
35853 36184
36897 37990
40983 41298
42477 42949
43497 45162
/home/lol/total_full_video/20200327_SB_GRF_1_full.mp4
12
6550 7563
13803 14058
14635 15235
16764 17286
48727 49394
55209 55601
59041 59331
60658 62154
66982 67723
68128 68697
72243 72256
72298 73813
/home/lol/total_full_video/20200327_SB_GRF_2_full.mp4
11
3394 4359
8240 8756
17155 17543
18387 19367
24260 24957
29025 29658
31625 32047
41258 42257
44874 45318
48065 48688
58213 60220
/home/lol/total_full_video/20200327_SB_GRF_3_full.mp4
11
14785 14844
14900 15269
19204 19546
19828 20496
31820 31913
31917 31941
31970 32759
36603 36965
46332 47470
57549 57550
57561 59778
/home/lol/total_full_video/20200327_T1_DRX_1_full.mp4
12
6441 6911
11638 11958
16162 16935
25275 25796
35834 36622
48099 49035
52556 53277
57550 58584
67445 67872
70671 72543
76364 76981
83651 86405
/home/lol/total_full_video/20200327_T1_DRX_2_full.mp4
11
882 1735
9505 9906
15592 16398
19537 20156
22432 22750
23272 24030
28544 29794
40332 41528
49838 50935
56234 56693
58164 59418
/home/lol/total_full_video/20200328_AF_GEN_1_full.mp4
0
/home/lol/total_full_video/20200328_AF_GEN_2_full.mp4
10
6517 7096
9051 9528
11938 12303
13412 13471
13585 13719
23247 23651
38115 38927
60014 60428
62485 63168
70549 71753
/home/lol/total_full_video/20200328_DWG_APK_1_full.mp4
23
9535 10006
11116 11647
17277 17675
20049 20516
22767 23437
26922 28342
28933 29746
30427 30437
30518 31707
35505 36723
40914 41531
47461 48201
53085 53558
57992 57996
58042 58819
60312 60913
68033 69326
72826 74714
78311 79600
80629 81264
91874 92525
93171 94744
98694 99296
/home/lol/total_full_video/20200328_DWG_APK_2_full.mp4
18
8326 8555
10899 11547
12334 12569
15286 15670
17514 17842
19485 20024
21576 21847
30815 31586
35186 35354
38242 38821
40871 41246
42004 42657
43504 44028
44492 45270
49073 49980
53412 53757
54577 55338
59714 61952
/home/lol/total_full_video/20200328_GRF_DRX_1_full.mp4
11
2935 3256
7511 7913
9190 9808
22355 22858
26164 26964
33581 33773
34775 35412
45547 45722
45783 46313
48941 49379
50656 52716
/home/lol/total_full_video/20200328_GRF_DRX_2_full.mp4
17
5511 5851
6212 6620
11668 12335
12978 13732
15872 16511
19316 19823
21832 22276
22897 23650
25172 25613
27731 28061
31676 31927
34953 35450
35685 36241
45890 45891
45876 45925
45952 46359
46710 48920
/home/lol/total_full_video/20200329_APK_SB_1_full.mp4
11
7989 8409
13060 14209
18896 19074
23423 23928
27718 28300
37955 38432
39696 40080
41079 41621
43913 45562
46202 47545
51124 54170
/home/lol/total_full_video/20200329_APK_SB_2_full.mp4
16
8062 8069
8172 8614
12420 12853
16608 17047
19288 19817
21591 22687
29587 30930
32586 32790
32842 33411
45692 46169
51565 53196
55796 56779
60735 61695
62568 63664
66859 67682
72001 73432
/home/lol/total_full_video/20200329_KT_AF_1_full.mp4
14
1603 1700
4974 4977
5105 5574
7667 8034
8657 9057
10261 10282
10357 10831
11734 12334
22150 22172
22229 22493
22866 23550
28895 29176
34303 35855
42612 44548
/home/lol/total_full_video/20200329_KT_AF_2_full.mp4
0
/home/lol/total_full_video/20200329_KT_AF_3_full.mp4
13
10152 10637
12727 13370
25390 25478
25535 26167
28134 28861
30708 31004
41249 41754
49302 51019
55750 55990
56726 57760
58278 58923
61402 61901
70308 72293
/home/lol/total_full_video/20200329_T1_HLE_1_full.mp4
12
11605 12074
13024 13862
14583 14760
18148 18402
22413 22802
29156 29157
29151 29191
29217 29474
32537 33263
35615 35892
38864 40147
43091 45259
/home/lol/total_full_video/20200329_T1_HLE_2_full.mp4
11
5044 5331
6315 6897
16551 17498
21509 21952
28175 28756
30602 31764
32328 32947
42042 43002
46446 46644
50263 50945
51661 53532
/home/lol/total_full_video/20200329_T1_HLE_3_full.mp4
20
8101 8378
9216 9637
10090 10630
14002 14881
19176 19264
19343 19727
22734 23369
24312 24680
26387 27132
30291 30929
31712 32293
34997 35404
39291 39593
41044 41269
44673 45468
48867 48955
49020 49246
49577 49841
57207 58326
70021 71527
/home/lol/total_full_video/20200401_DRX_SB_1_full.mp4
11
3768 4279
12939 13299
19629 19923
21890 22684
28824 28854
28917 29112
30757 31115
31434 32186
41624 42185
50611 50851
51869 53697
/home/lol/total_full_video/20200401_DRX_SB_2_full.mp4
17
5275 5891
7679 8107
8400 9016
17382 18253
22144 22670
24226 24743
26241 26506
34967 36745
38055 38507
40947 41209
42281 43652
48356 48861
65056 65809
68996 69403
69449 69699
72812 73096
80516 81896
/home/lol/total_full_video/20200401_DRX_SB_3_full.mp4
6
7285 7593
17387 18022
22164 23795
33963 34960
38893 41079
44521 46234
/home/lol/total_full_video/20200401_GEN_T1_1_full.mp4
13
9831 10473
17008 17425
28421 28917
34540 34952
39250 39808
47714 48186
52522 52795
55819 56002
56654 57246
57922 58473
66883 69121
69844 70736
73391 74173
/home/lol/total_full_video/20200401_GEN_T1_2_full.mp4
7
8459 9118
18733 19181
23621 23872
28050 28270
39323 39677
39882 40308
46956 49169
/home/lol/total_full_video/20200401_GEN_T1_3_full.mp4
12
5739 6278
13589 13926
18981 19601
22252 22959
28479 28593
28879 29611
34145 34419
37934 39148
42012 42775
43654 44709
52047 54019
57634 58983
/home/lol/total_full_video/20200401_KT_GRF_1_full.mp4
13
12337 13039
16546 16692
16738 16787
17764 17823
17958 18235
29026 29354
33348 33599
40333 40720
42163 42470
43095 43966
49436 50280
54110 54697
59418 61092
/home/lol/total_full_video/20200401_KT_GRF_2_full.mp4
8
2213 2600
21775 23059
29373 29581
29946 30266
34569 35241
52447 53151
53935 55326
63416 65357
/home/lol/total_full_video/20200401_KT_GRF_3_full.mp4
10
3915 4086
14932 15328
16205 16613
19949 20385
23614 24348
31543 31979
33781 34088
35198 35688
41646 42362
48000 50034
/home/lol/total_full_video/20200402_AF_APK_1_full.mp4
15
3708 4057
16086 16201
16194 16235
16263 16523
21199 22178
24536 24807
26025 26360
28827 29460
36141 37292
41132 41779
42807 43926
51012 52039
59868 60898
63407 63714
65215 67080
/home/lol/total_full_video/20200402_AF_APK_2_full.mp4
19
6970 7267
11352 12206
13902 14068
14931 15321
15705 16075
16896 17142
17480 17923
18290 19163
23185 24457
33237 34072
35908 36254
36296 36878
45385 46305
49123 49283
50078 50602
55789 56172
57263 58496
64826 65566
66262 67025
/home/lol/total_full_video/20200402_DWG_HLE_1_full.mp4
10
3351 4276
13423 14313
14620 14825
21589 22003
26634 27691
32658 33369
37001 37683
41847 42488
45865 46341
46566 48185
/home/lol/total_full_video/20200402_DWG_HLE_2_full.mp4
0
/home/lol/total_full_video/20200402_KT_DRX_1_full.mp4
0
/home/lol/total_full_video/20200403_AF_DWG_1_full.mp4
20
3705 4239
5972 6282
11688 12234
25824 26056
31799 33125
35674 35896
36407 36757
42114 42906
45508 46061
46785 47504
56925 57378
60421 60665
62109 62495
63030 63323
63932 64399
67621 68289
71267 71892
72109 72315
72809 72871
73704 75432
/home/lol/total_full_video/20200403_AF_DWG_2_full.mp4
20
2365 2560
5044 5697
5981 6477
7149 7336
9315 9964
11054 11364
14410 15155
16273 16831
18254 18671
19071 19370
28779 28955
28994 30685
39836 42595
46352 46667
49136 50184
53094 54079
63543 64416
64796 64855
64975 65444
77127 79286
/home/lol/total_full_video/20200403_GEN_SB_1_full.mp4
14
9705 9845
11997 12061
12469 12896
14238 14539
17981 18011
18063 19136
26547 26548
26540 26582
26618 27336
34644 35176
39099 39464
39785 40764
45737 46949
49955 51202
/home/lol/total_full_video/20200403_GEN_SB_2_full.mp4
13
9421 9863
14469 14966
18483 19143
22265 22540
27739 28082
29118 29788
42939 43685
50247 50817
51662 52389
54409 54554
55002 55281
56422 56992
60988 62647
/home/lol/total_full_video/20200403_GRF_T1_1_full.mp4
17
8127 8666
12617 13051
13385 13653
32097 32420
32816 33465
39667 40034
41189 41499
43123 43983
45843 46611
47667 48738
49129 49409
51710 52717
55626 56010
59679 60194
63483 64017
64350 64956
66126 69404
/home/lol/total_full_video/20200403_GRF_T1_2_full.mp4
13
9455 9773
10231 10545
14431 15386
16647 17213
24757 25326
25602 25891
27631 27991
33131 33318
33533 34317
61240 62012
64947 65739
67967 68863
72974 74719
/home/lol/total_full_video/20200403_GRF_T1_3_full.mp4
13
1007 1790
2795 3332
7189 7756
12722 13556
19220 19665
31981 32742
37000 37412
39478 40601
42798 43528
47404 47701
48621 49410
53060 53152
53211 54654
/home/lol/total_full_video/20200404_APK_KT_1_full.mp4
16
8520 8754
8800 8981
11304 11513
14991 15564
16503 17466
26728 27450
38806 39171
39776 39954
44011 44997
52164 53471
54879 55795
56472 56861
57882 58689
60177 61401
67677 68388
71701 72776
/home/lol/total_full_video/20200404_APK_KT_2_full.mp4
11
8527 8528
16230 17118
22469 22885
32471 32721
36078 36874
39720 40285
40762 41347
45040 45659
50036 50842
51197 52142
55730 56809
/home/lol/total_full_video/20200404_APK_KT_3_full.mp4
15
5820 6248
7454 7758
12018 12819
14543 14975
15863 16328
19641 19707
19760 20226
23324 24094
35236 35869
37438 38046
44529 44989
45922 46282
48708 49599
53850 54346
54827 56142
/home/lol/total_full_video/20200404_GEN_DRX_1_full.mp4
0
/home/lol/total_full_video/20200404_GEN_DRX_2_full.mp4
20
8414 8712
11174 11469
12039 12260
13408 14000
22125 22365
24626 24889
28218 28690
28730 28923
31550 31878
33591 33990
37930 37989
38035 38767
53138 54415
54782 56394
58957 59169
62020 62793
69354 69527
69577 70234
73044 73452
74177 75846
/home/lol/total_full_video/20200404_SB_HLE_1_full.mp4
10
22398 22935
28393 29202
45614 45914
46675 46977
48110 48428
50542 51299
54611 54677
54733 55754
60287 61046
64623 66111
/home/lol/total_full_video/20200404_SB_HLE_2_full.mp4
14
6631 6999
10632 11285
12564 12912
17249 18140
22913 23412
26468 27049
33723 34876
38323 38672
42498 43347
44717 45127
45914 46101
48269 48849
53074 53220
53288 53987
/home/lol/total_full_video/20200404_SB_HLE_3_full.mp4
12
4150 4684
10512 10542
10612 11038
12448 12990
16824 18017
22713 23523
24323 24566
34143 34741
46686 46858
46919 47676
49646 50350
51760 53813
/home/lol/total_full_video/20200405_APK_GRF_1_full.mp4
17
2873 3223
5881 6142
7947 8280
13070 13666
27015 27285
30073 30487
37579 37923
37929 37959
37987 38929
42379 42677
46355 47000
48776 49241
50127 50741
51437 51871
57188 57339
57549 57956
61509 63508
/home/lol/total_full_video/20200405_APK_GRF_2_full.mp4
12
2535 2748
13111 13737
22494 22774
23177 23648
25596 26514
28806 29589
29913 30272
35635 36159
46014 46802
47346 47579
51763 52184
52775 53589
/home/lol/total_full_video/20200405_APK_GRF_3_full.mp4
14
5965 6146
6993 7390
9489 10346
22059 22550
27339 27905
33201 33933
37614 38624
47378 47881
48567 49082
50708 51745
55979 56971
60771 61774
64246 65996
74511 75332
/home/lol/total_full_video/20200405_DWG_T1_1_full.mp4
16
7528 8217
11513 11911
12572 13229
15072 15909
17182 17559
19497 20147
25141 25532
27839 28422
29378 29735
31899 32510
39103 39195
40434 40659
41863 42272
43238 43439
44039 45366
46063 47113
/home/lol/total_full_video/20200405_DWG_T1_2_full.mp4
11
6456 6842
7252 7711
15526 16748
26894 27303
33094 33745
34367 34859
43456 43736
47743 48644
50562 51720
54114 54603
55381 57115
/home/lol/total_full_video/20200405_HLE_AF_1_full.mp4
14
5937 6389
12120 12150
12209 12453
19515 19749
21321 22001
22474 22978
25370 25602
30174 31802
32221 32438
34941 35508
42867 43901
49255 50131
52707 54401
56892 57332
/home/lol/total_full_video/20200405_HLE_AF_2_full.mp4
18
3733 4835
5135 5693
9927 10297
10810 11625
13745 14021
14490 15132
18611 18848
23357 23445
23487 23837
24684 26473
28168 28969
30343 30814
32913 33187
38485 38906
42558 43137
46909 47570
48069 48454
51602 53025
/home/lol/total_full_video/20200408_APK_GEN_1_full.mp4
14
2656 3035
10062 10075
10121 10645
15345 16450
21478 21630
22665 23483
26967 27113
29644 29655
29721 30248
42753 42783
42846 43930
47591 48440
51650 52357
56120 57514
/home/lol/total_full_video/20200408_APK_GEN_2_full.mp4
0
/home/lol/total_full_video/20200408_APK_GEN_3_full.mp4
15
6185 6885
7605 8116
11640 12348
13898 14069
14445 14488
15264 15876
30554 31096
39627 39744
39790 40010
40664 40959
42888 43184
45804 46378
46885 47583
49923 50825
52543 53704
/home/lol/total_full_video/20200408_DWG_GRF_1_full.mp4
19
3760 4210
4539 4833
6375 6569
10072 10684
11450 12019
16648 16707
16878 16884
16949 17648
17758 18267
22755 22857
23959 24517
27716 27949
28692 28912
29538 29832
34541 35163
54968 55350
56161 57121
68824 69215
69867 72027
/home/lol/total_full_video/20200408_DWG_GRF_2_full.mp4
5
17398 19036
24942 25541
29473 29718
43216 44165
49436 51176
/home/lol/total_full_video/20200409_AF_GRF_1_full.mp4
16
13477 14117
25026 25296
31907 32116
32167 32176
32537 33619
41186 41449
42286 42542
43684 44505
49133 49828
55149 55460
56316 56815
57437 58209
62040 62565
63112 63605
66192 66445
70045 72049
/home/lol/total_full_video/20200409_AF_GRF_2_full.mp4
15
2004 2200
6111 6438
7942 8664
10602 10812
11801 12268
16028 16792
22426 23194
34383 35171
35547 36179
40434 41061
49692 49693
49700 49742
49766 49974
50448 51348
62986 65123
/home/lol/total_full_video/20200409_SB_T1_1_full.mp4
14
12477 12478
12483 12600
12632 12650
18885 19363
23461 23816
25173 25671
29064 29590
33791 34164
34802 35326
44858 45234
49922 50057
50691 51518
53064 54098
55236 57183
/home/lol/total_full_video/20200409_SB_T1_2_full.mp4
18
8735 9039
9668 10186
14969 15702
17759 18340
21333 21462
23821 24093
26073 26886
28202 28627
35835 36133
36593 37306
39635 40217
43349 43653
44751 45071
47859 48084
48990 49313
50000 50565
55609 55726
55785 57265
/home/lol/total_full_video/20200410_DRX_DWG_1_full.mp4
0
/home/lol/total_full_video/20200410_DRX_DWG_2_full.mp4
16
2578 3247
8388 8418
8402 8452
8478 8612
9908 10097
11179 11621
12256 12983
15178 15441
18622 18865
24226 25132
37624 38050
41051 41321
47059 47244
53041 53517
53934 54834
58426 60685
/home/lol/total_full_video/20200410_DRX_DWG_3_full.mp4
12
6268 6730
12763 13157
18404 19029
22480 22519
22579 22816
27335 28951
46715 48318
61086 62150
68006 68326
70356 71464
74843 77662
80401 81419
/home/lol/total_full_video/20200410_T1_KT_1_full.mp4
15
1838 2158
23111 23830
25165 25489
28375 28833
33224 33312
33370 33523
34525 35000
39624 39865
44496 46381
50489 51633
56822 57048
57982 58728
59837 60180
63778 65048
65092 65126
/home/lol/total_full_video/20200410_T1_KT_2_full.mp4
11
7184 7529
12182 12757
28053 28620
29381 29547
34950 35492
39820 40281
44398 44665
45676 46388
48406 48685
61742 62561
66676 68469
/home/lol/total_full_video/20200411_APK_HLE_1_full.mp4
1
7405 7406
/home/lol/total_full_video/20200411_APK_HLE_2_full.mp4
22
4411 4787
7165 7727
11125 11243
11481 11728
12035 12767
14163 14398
15531 15878
16917 17616
18639 19081
27558 28028
29908 30274
37220 37890
46306 46336
46338 46571
46605 47476
52434 52774
57064 57727
58100 58567
62445 63396
65818 66429
68852 70209
72207 74498
/home/lol/total_full_video/20200411_APK_HLE_3_full.mp4
10
17992 17993
17992 18464
22927 23474
26250 27292
29107 29460
30111 30259
52057 52887
53565 54349
67832 68180
68596 71134
/home/lol/total_full_video/20200411_SB_KT_1_full.mp4
14
14998 15739
16169 17121
22494 22874
26819 27446
33707 34144
36771 37168
38167 39086
40794 41897
42686 43071
43471 43802
46654 47040
52732 53279
54760 55399
56028 56451
/home/lol/total_full_video//home/lol/total_full_video/20200411_SB_KT_1_full.mp4 can not open
