/home/lol/total_full_video/20200205_KT_GEN_1_full.mp4
14
4528 4534
4853 5380
13869 14736
18642 19004
22086 22401
28699 29482
32531 32800
46579 46696
46777 46894
46885 46928
46955 47118
47871 48712
48986 49191
50007 50588
/home/lol/total_full_video/20200205_KT_GEN_2_full.mp4
5
12523 12947
14993 15311
22369 22735
42704 43449
48393 49179
/home/lol/total_full_video/20200205_KT_GEN_3_full.mp4
12
15283 16047
21836 22550
27363 28432
32969 33703
34507 35044
37896 38917
46325 46869
47183 47671
50539 50804
51888 52270
52665 52940
54884 56530
/home/lol/total_full_video/20200205_T1_DWG_1_full.mp4
16
11696 12083
16764 17466
21436 22125
35403 36184
39425 39622
45435 45494
45495 45554
45581 46138
46284 46821
47778 48097
49123 50360
51887 52236
55441 55750
63606 64610
65302 66737
70974 73010
/home/lol/total_full_video/20200205_T1_DWG_2_full.mp4
15
7954 7984
8038 8475
8794 9463
22738 23232
27503 27730
28456 28790
31349 31682
33743 34118
41346 41405
41431 41780
46567 47721
58123 58910
60086 60860
65038 65738
81649 86416
/home/lol/total_full_video/20200205_T1_DWG_3_full.mp4
12
11884 12411
17009 17573
19592 20095
22405 22734
23936 24430
32423 32588
52428 52679
64093 64935
68845 69025
74510 74888
74987 75554
84678 85270
/home/lol/total_full_video/20200206_GRF_AF_1_full.mp4
21
10167 10468
10908 11241
13652 14035
17091 17627
19930 20270
21895 22542
26948 27311
27997 28610
29123 29388
33944 34388
34620 35097
42877 44096
45075 46065
65674 66554
71490 71653
77347 78206
79335 80244
84483 85446
86026 86914
91300 92019
92617 93257
/home/lol/total_full_video/20200206_GRF_AF_2_full.mp4
18
5899 6045
8612 8870
10781 11614
15592 16101
20028 20365
20619 20737
24434 24580
24626 24838
32118 32555
34960 35426
37611 37967
41168 42078
49161 50566
51673 52441
55253 56075
58532 60101
62792 63884
67652 68928
/home/lol/total_full_video/20200206_SB_APK_1_full.mp4
9
6704 6848
8347 8696
10295 10669
11355 11853
14948 15553
20651 22018
25335 25781
28832 29975
38283 40400
/home/lol/total_full_video/20200206_SB_APK_2_full.mp4
18
6391 6989
7504 7894
8632 9644
15777 15791
15837 15867
15921 16687
19317 20110
20675 21199
25393 26086
28274 28726
35843 36740
40236 40932
41629 41838
45816 46476
47234 48046
48384 48776
50605 50887
52620 53822
/home/lol/total_full_video/20200207_DRX_KT_1_full.mp4
14
3508 3599
11153 11449
21471 22187
22706 23177
32236 32564
35269 35508
42848 42907
42870 42939
42965 43809
52870 53566
54103 54735
55146 55471
55820 56208
61725 63219
/home/lol/total_full_video/20200207_DRX_KT_2_full.mp4
21
6015 6392
6973 7742
8531 9085
19047 19911
22747 23167
25898 26222
27514 27924
28428 28864
31121 31366
31998 32307
33550 34008
37841 37987
38037 38822
41374 42019
45786 46289
46997 47317
48634 49086
53360 53963
55250 55660
56294 56796
60727 62100
/home/lol/total_full_video/20200207_DRX_KT_3_full.mp4
16
5648 5954
10355 10584
13162 13467
17111 17463
21267 21578
23804 24424
25907 26371
27882 28230
33204 33573
36976 37368
39900 40587
42149 42395
52446 53343
55232 55534
60864 61592
65145 67134
/home/lol/total_full_video/20200207_HLE_T1_1_full.mp4
16
4930 5293
11169 11892
17063 17209
17277 17790
21253 21597
22088 22147
22234 22565
22713 23217
25050 25623
42041 42540
48279 49278
52162 53097
58159 58361
58403 59041
62330 62927
65766 67044
/home/lol/total_full_video/20200207_HLE_T1_2_full.mp4
12
16236 16726
17565 18039
19126 19655
22504 23262
29232 29540
32428 33044
33866 34362
37393 37919
40830 41315
41647 42304
46649 47090
51901 53308
/home/lol/total_full_video/20200207_HLE_T1_3_full.mp4
19
6725 6923
19943 20384
20818 21243
29728 30434
30729 30992
33042 34133
38593 39833
42288 42774
43188 43567
52498 53577
54169 54639
57071 57108
57168 58256
62303 63974
67164 68104
69645 70141
75124 76163
76927 77102
77161 78329
/home/lol/total_full_video/20200208_APK_DWG_1_full.mp4
13
9143 9473
17210 17490
22844 23090
38762 39087
41888 42381
43745 45054
47232 48322
51508 52300
54715 54900
55269 55471
56177 56184
56309 56512
56638 57393
/home/lol/total_full_video/20200208_APK_DWG_2_full.mp4
17
11041 11176
13461 14743
18446 18709
20660 21232
24458 24461
25471 25807
26275 27042
31012 31430
32127 32719
35096 36135
38597 39871
40484 41500
43661 43924
44232 44565
44891 45268
49431 50203
50821 51758
/home/lol/total_full_video/20200208_GEN_GRF_1_full.mp4
9
3050 3339
14370 14463
14516 14518
14677 15408
18877 19539
40975 42148
45456 46509
47903 48199
50186 51005
/home/lol/total_full_video/20200208_GEN_GRF_2_full.mp4
11
5426 5836
9450 9799
15747 16087
31962 33274
36065 36499
38714 39160
43955 44784
48938 49561
52435 53386
61897 63580
70150 71473
/home/lol/total_full_video/20200209_AF_HLE_1_full.mp4
14
9322 9863
12990 14068
18629 18917
19550 20031
20518 21761
26571 26942
35212 35400
35436 35544
38117 38981
44174 44890
53740 54532
55135 55223
55290 55819
58569 59558
/home/lol/total_full_video/20200209_AF_HLE_2_full.mp4
13
7297 7626
12156 13122
18640 19580
21348 21711
22384 22904
27409 27715
28644 29541
29866 30658
33910 34653
37130 37539
41886 42353
45878 47457
50343 50510
/home/lol/total_full_video/20200209_AF_HLE_3_full.mp4
15
7808 8150
8442 8656
15377 15796
16748 17598
23113 24036
24216 24508
27215 27705
40587 41464
45629 46533
53364 55066
59456 59469
59514 60055
60672 60757
60850 61303
65302 66584
/home/lol/total_full_video/20200209_SB_DRX_1_full.mp4
16
6963 7238
15026 15059
15117 15499
19769 19772
19832 20956
26659 27473
31826 32033
33194 33485
34401 34898
38015 38720
42407 42606
44869 45421
45935 47876
50472 51076
55181 56214
63544 65023
/home/lol/total_full_video/20200209_SB_DRX_2_full.mp4
14
11014 11125
11777 12101
12719 13188
15929 16016
23777 25063
26677 27463
34372 34733
35167 35670
38722 38940
43400 44234
45385 46018
48734 48996
49096 49677
57481 58855
/home/lol/total_full_video/20200209_SB_DRX_3_full.mp4
27
3572 3764
7564 8060
10234 10571
12258 12686
18089 18139
18180 18558
18937 19409
21046 21338
22920 23516
25243 25652
27707 28121
32269 32493
38344 39572
39694 39934
47077 47388
47609 47979
57742 57916
57932 58049
59703 59974
61071 62812
68518 68722
68725 68871
68926 68927
68925 69105
69136 69462
73153 73879
82316 84679
/home/lol/total_full_video/20200212_APK_AF_1_full.mp4
23
3236 3443
7912 8264
8830 9505
14889 16581
21938 22051
22125 22474
24383 24660
25253 25631
31084 31528
32750 33061
33398 33811
36163 36570
38161 38539
42218 42636
47684 47866
48863 49483
52256 52583
52843 52989
53037 53191
58002 59154
61742 62850
69648 70448
73487 75633
/home/lol/total_full_video/20200212_APK_AF_2_full.mp4
25
13076 13077
17977 18406
18920 18950
19072 19661
21815 22196
22533 22760
25282 25497
26062 26489
30441 30848
31764 31910
33330 33603
36841 37649
38551 38838
40273 40512
48991 49050
49177 49352
49342 49402
49430 49561
51239 51743
53041 53273
55677 56028
60658 62579
65021 65269
68009 68327
70235 71744
/home/lol/total_full_video/20200212_APK_AF_3_full.mp4
14
6880 6997
6976 7031
7054 7241
8791 9068
9339 9651
12103 13756
17316 18319
23686 24025
27756 28231
29068 29447
41213 41593
43583 43844
46206 47213
51258 53172
/home/lol/total_full_video/20200212_GRF_SB_1_full.mp4
17
4286 4405
4412 4467
10024 10404
10826 10918
23210 23642
25116 25503
29363 30506
31184 31446
33784 34457
43061 43223
50596 50971
52704 53031
62961 63723
65929 66422
69717 70245
70995 71404
74133 74269
/home/lol/total_full_video/20200212_GRF_SB_2_full.mp4
22
7410 8121
17793 18511
22274 22800
24825 25119
25167 25469
31287 31491
34102 34530
36134 36912
39183 39689
40102 40382
40899 41426
44991 45560
51463 51638
51684 51714
53982 54285
56786 57797
61317 61870
62190 62952
63629 64550
65236 66544
69750 70319
70900 72873
/home/lol/total_full_video/20200212_GRF_SB_3_full.mp4
11
21015 22403
32208 32788
33664 34709
38693 39568
40366 40891
41598 41799
41859 42077
44222 44989
52303 52362
52406 52716
64105 66160
/home/lol/total_full_video/20200213_DRX_HLE_1_full.mp4
16
7055 7183
8441 8883
16408 16611
16626 16845
19202 19550
19838 20320
20613 20807
22608 22982
23344 23687
26667 26824
27618 28143
37008 37171
39451 39654
42411 43527
43941 44719
50924 52527
/home/lol/total_full_video/20200213_DRX_HLE_2_full.mp4
17
8735 8910
8980 9405
15922 16300
18559 19820
23616 23917
24541 24855
25407 25711
27703 28245
29137 29538
31916 32576
37308 38422
39197 39488
41307 42541
44075 44488
44658 45380
48123 50320
53650 55239
/home/lol/total_full_video/20200213_KT_T1_1_full.mp4
15
19838 20330
21650 22596
23296 23721
27777 28613
30073 30401
30911 31909
35213 35705
40335 40975
41368 41398
41474 41915
45788 46847
52073 52161
52255 52488
56340 57178
57956 58448
/home/lol/total_full_video/20200213_KT_T1_2_full.mp4
16
10347 10406
10375 10440
10469 11489
13430 14549
19135 20059
21614 21918
22376 23049
26018 26382
28684 29031
29542 29915
33244 33300
33346 33869
38838 39013
39063 39194
44675 45303
47759 49456
/home/lol/total_full_video/20200214_DWG_GEN_2_full.mp4
16
3546 3813
4105 4456
7092 8612
10686 11010
12185 13150
15838 16400
20472 21003
22020 23248
26405 27345
36910 37210
37479 38681
39409 39683
39914 40117
40937 41305
44728 45519
51647 52730
/home/lol/total_full_video/20200214_GRF_APK_1_full.mp4
22
13321 13685
15290 15496
20797 21062
29066 30207
30667 31100
31104 31312
33052 33316
36557 36756
37043 37310
39967 40403
47388 47394
47457 47733
50247 50485
51133 52213
56012 56808
62302 62625
67093 67856
69055 71405
71599 71851
72218 72760
73786 75312
78398 78531
/home/lol/total_full_video/20200214_GRF_APK_2_full.mp4
27
5207 5394
5770 6760
13040 13615
18785 18910
18964 19447
22306 23038
23481 24010
28220 28694
32356 32926
33163 33359
36222 36955
40591 40944
41675 42444
45434 46163
47413 48171
48972 49514
49803 50379
51907 52301
52683 52858
53577 53940
57196 57970
63448 64121
64786 65108
66682 67259
67882 68603
69288 70207
73363 73497
/home/lol/total_full_video/20200214_GRF_APK_3_full.mp4
23
7415 7703
9522 9822
14263 14748
21377 22304
25615 25926
29752 30320
31904 32345
38892 38922
38980 39468
47901 48222
49441 50291
52925 53108
57981 58011
58010 58045
58073 58489
59589 60133
61156 61929
66528 66660
69399 70217
70604 71536
74168 74899
79260 79560
82425 83528
/home/lol/total_full_video/20200215_AF_DRX_1_full.mp4
17
13596 13833
13897 14305
14751 14883
15122 15394
19150 19456
19689 20478
25907 26702
29758 31528
36574 36968
40276 41076
41628 42201
47911 49945
52924 54117
55040 55565
59906 60052
63737 65683
68791 68972
/home/lol/total_full_video/20200215_AF_DRX_2_full.mp4
14
6172 6610
16281 16517
16806 17329
20095 20971
24667 24745
24790 26820
28874 29146
32650 33480
37485 38716
44763 44990
45461 46174
55589 55677
55744 56949
59067 60792
/home/lol/total_full_video/20200215_AF_DRX_3_full.mp4
10
7743 8150
9634 9887
17965 18392
18665 18989
19819 20882
25680 26658
29204 29719
36110 36964
37241 37675
43810 46110
/home/lol/total_full_video/20200215_HLE_SB_1_full.mp4
19
15663 16277
19345 20697
24207 24688
25429 26037
36112 36113
35848 35936
35957 36016
36131 36537
37378 37671
38895 39278
39633 41008
43057 43828
47897 48494
50748 51911
54923 55252
56479 57023
59420 60821
65211 66169
73469 75374
/home/lol/total_full_video/20200215_HLE_SB_2_full.mp4
20
3823 4083
7882 8781
18049 18887
23474 23649
23697 24013
35366 35899
44514 44979
45093 45356
50158 50594
52064 52239
57309 58629
59753 60696
61374 61611
68997 68998
68962 69011
69042 69305
72062 72634
72973 74342
77105 78391
79144 80055
/home/lol/total_full_video/20200216_DWG_KT_1_full.mp4
10
7665 7720
9120 9179
19880 19885
22735 22769
22834 23067
27301 27920
40975 41638
44492 45369
47707 48770
50434 52035
/home/lol/total_full_video/20200216_DWG_KT_2_full.mp4
15
12363 12818
18008 18382
22032 22270
23414 23596
23723 23953
28187 28950
29471 29911
32837 33454
42732 43038
43538 43781
44055 44774
45535 46342
53725 54159
57405 58693
59474 60287
/home/lol/total_full_video/20200216_T1_GEN_1_full.mp4
21
9553 9960
11463 11817
14981 15362
21093 21675
24005 24278
24456 24615
25779 26484
29639 29888
41467 41905
45717 46072
46665 47419
55337 55755
57983 59028
61556 62315
66451 66883
69024 70074
70503 71697
72523 73151
76844 77462
78000 78588
81629 81723
/home/lol/total_full_video/20200216_T1_GEN_2_full.mp4
13
8844 8932
8904 8966
9406 10045
11361 11364
21416 21978
26226 26923
35280 35428
46163 46164
46160 46198
46225 47125
50601 51096
51846 52523
55505 57508
/home/lol/total_full_video/20200216_T1_GEN_3_full.mp4
16
12556 12995
17390 17790
22073 22773
23046 23503
35505 35825
43866 44359
46146 46439
47968 48832
53761 54144
55263 55587
56567 56916
57173 57369
59214 59854
60978 61501
64851 65647
68890 70432
/home/lol/total_full_video/20200219_DRX_T1_1_full.mp4
16
6812 7222
13791 14365
20141 21716
28105 29329
32985 34323
40762 41158
43548 43877
43961 44561
49291 50162
53328 53591
53648 53909
54561 55459
55976 56383
56586 57168
57196 57453
61304 62911
/home/lol/total_full_video/20200219_DRX_T1_2_full.mp4
12
11945 12563
19834 20530
24484 25124
33548 33578
33627 35303
41956 43314
51123 52003
55421 55619
56250 56536
57867 58344
61178 62284
65216 65367
/home/lol/total_full_video/20200219_DRX_T1_3_full.mp4
17
3524 3793
4192 4588
19164 19455
19680 19976
20843 21425
22789 23075
26394 26482
26534 26800
29819 30517
31086 31855
44144 44324
44825 45640
51162 52254
54376 55112
58343 59068
59246 59556
61862 63559
/home/lol/total_full_video/20200219_GEN_HLE_1_full.mp4
13
7622 7873
17080 17616
22582 22785
23288 23678
28593 29454
33372 34350
38742 39214
43384 44145
46983 47992
48154 48416
56023 56214
56402 57422
57905 58256
/home/lol/total_full_video/20200219_GEN_HLE_2_full.mp4
22
5355 5793
7528 7724
8765 9114
9823 10526
10799 11204
13680 14202
14380 14846
15004 15254
20374 20859
22907 23345
23860 24083
28152 28245
28286 28790
31154 31243
31724 31963
35559 36722
38386 39377
41104 41401
41625 42731
45518 45657
46357 47174
48428 50507
/home/lol/total_full_video/20200220_GRF_DWG_2_full.mp4
12
7667 8233
11316 11608
12479 12872
19168 19431
26160 26417
30703 30819
37839 38474
41155 41414
41746 42215
46827 47092
51027 52726
52747 52825
/home/lol/total_full_video/20200220_GRF_DWG_3_full.mp4
16
6654 7795
12973 13032
13117 13314
20193 20868
23632 25121
27550 28159
31636 32023
33282 33920
38235 38555
41636 42149
45587 45950
48797 49060
50817 51145
51475 51933
52396 53162
53968 54270
/home/lol/total_full_video/20200220_KT_APK_1_full.mp4
25
6484 7150
10798 11195
12542 12743
12799 13032
16751 17062
18932 19194
26097 26496
27141 27470
28239 28871
34074 34550
41136 41718
42424 42932
51635 51636
51636 51811
51839 52527
54794 55304
59846 60315
60699 61061
63252 63789
64296 64939
65526 66020
66619 66970
69764 70155
71790 72954
73498 74047
/home/lol/total_full_video/20200220_KT_APK_2_full.mp4
16
15589 16776
23759 23760
23759 23938
23963 24901
27902 28243
31997 32184
35258 36114
38856 39189
41770 42350
43038 43450
46388 46808
47920 48387
50228 50659
51506 52846
56011 56604
61157 62437
/home/lol/total_full_video/20200221_DRX_GEN_1_full.mp4
13
14936 15285
15497 15737
26197 26660
26967 27298
28268 28603
30875 31798
34368 34565
46121 46692
47218 47921
52169 52837
58057 58576
64629 67475
71267 71394
/home/lol/total_full_video/20200221_DRX_GEN_2_full.mp4
12
6786 7126
10209 11349
11946 12273
14019 14320
17095 17876
20581 20847
25314 25717
33798 33886
33928 34084
42536 43583
46022 46654
54990 56789
/home/lol/total_full_video/20200221_DRX_GEN_3_full.mp4
20
3314 3639
5153 5487
6354 6413
6548 7801
8299 8734
13696 13726
13824 14505
18506 19127
19748 20561
21938 22244
24381 24805
28390 28917
34801 35993
39202 39209
39295 39805
40304 41061
44346 45235
49394 50472
54653 55908
57891 59691
/home/lol/total_full_video/20200221_SB_AF_1_full.mp4
20
7113 7511
14023 14140
14138 14224
14254 14535
29636 29921
30741 31194
37254 37623
38719 40140
41365 41954
42807 43563
50833 51570
52059 52946
54208 55094
65707 65742
65788 66021
66285 67092
68059 68873
69902 70249
75000 75360
79693 81310
/home/lol/total_full_video/20200221_SB_AF_2_full.mp4
19
6989 7169
7161 7168
11791 12507
18370 18675
19016 19234
29711 30401
34349 34643
39845 39904
39910 39998
40024 40083
44371 44375
44427 44721
47343 47882
48211 49007
51169 51547
53231 54433
57046 58421
61257 61849
62300 62741
/home/lol/total_full_video/20200221_SB_AF_3_full.mp4
19
6749 6750
6750 7324
8457 8909
9826 10553
11003 11333
15723 15878
15922 16309
20715 20953
20992 21543
22242 23173
27555 27942
34518 34548
34536 34582
34608 34994
35147 35315
45565 46432
50825 51019
52002 52581
57100 58584
/home/lol/total_full_video/20200222_APK_T1_1_full.mp4
11
11690 11720
11773 12202
15757 16541
23826 24265
33872 34192
34764 35242
39074 40159
45198 45565
45916 46153
49331 50173
55373 57869
/home/lol/total_full_video/20200222_APK_T1_2_full.mp4
16
11583 11871
12940 13220
20021 20587
29333 29894
32956 33769
34569 35861
36556 36893
39524 40161
44400 45273
51474 52234
55635 57179
57959 58658
62957 63492
64000 64415
65490 65739
66031 67687
/home/lol/total_full_video/20200222_HLE_GRF_1_full.mp4
13
3374 3916
11574 12129
21908 22363
26898 27191
34101 34102
32031 32211
38063 38827
40985 41597
46423 47100
53302 53567
59362 59931
60605 60953
62485 65936
/home/lol/total_full_video/20200222_HLE_GRF_2_full.mp4
14
15427 16076
29224 29225
29230 29259
29288 29352
38528 39280
43698 44727
47406 47751
48599 48629
48782 49975
51677 53550
56626 57002
59043 59559
61161 61329
64349 67895
/home/lol/total_full_video/20200222_HLE_GRF_3_full.mp4
13
5717 5767
5867 6115
12886 13614
15757 16638
23852 24501
27596 28457
29819 29967
31081 31521
40034 41507
43232 44304
46263 46542
47141 49009
50122 51487
/home/lol/total_full_video/20200223_AF_KT_1_full.mp4
14
10522 11722
17475 17903
18172 18645
25667 26542
29929 30978
41739 41740
41747 41797
41818 42329
42895 43809
48782 50510
52328 52997
57048 57087
57129 58676
61451 61597
/home/lol/total_full_video/20200223_AF_KT_2_full.mp4
18
3392 3504
6614 7510
8739 9183
16509 16802
16778 16866
16907 17206
19968 20694
23550 23908
24316 24841
27558 28017
28830 29020
33606 34744
46912 47463
48725 49353
50300 51907
58248 58724
61889 63050
66221 68299
/home/lol/total_full_video/20200223_AF_KT_3_full.mp4
16
1760 2299
3261 3630
4169 4808
5177 5786
6817 7149
9464 10193
23267 24135
30663 31222
34300 35027
39117 40099
45652 46108
47009 47987
49366 49771
61852 62546
63199 64684
64713 64843
/home/lol/total_full_video/20200223_SB_DWG_1_full.mp4
11
8618 8619
16003 16266
20256 21099
44017 45124
47172 47476
49453 50611
53257 53734
54014 54229
55063 56040
56576 57440
58289 58900
/home/lol/total_full_video/20200223_SB_DWG_2_full.mp4
21
7234 7756
9578 10034
12565 12994
14373 14787
16379 17019
18844 19668
20310 20723
28720 29345
30644 31080
31887 32399
33353 33875
36591 38048
39366 39801
42266 42596
43276 44732
49364 50355
53025 53460
53814 54700
55552 56646
61057 61681
62330 63704
/home/lol/total_full_video/20200226_KT_SB_1_full.mp4
20
8692 8917
11362 11683
17550 18137
21521 22046
27984 28267
29024 29466
32773 33011
33263 33433
33561 33880
34134 34513
43167 43491
45195 46098
48239 48547
49105 49528
49942 50232
51437 51942
54700 55453
59182 59241
59360 59833
60131 60683
/home/lol/total_full_video/20200226_KT_SB_2_full.mp4
14
4498 5108
6923 7365
8106 8194
8248 8428
11679 11916
12289 12632
18546 18994
28478 28974
40902 41488
41707 42294
44863 45072
52375 53414
58564 60235
63266 63414
/home/lol/total_full_video/20200226_KT_SB_3_full.mp4
8
10253 10422
23097 24439
26283 26848
38889 39283
39776 40612
42913 43339
44817 45744
46197 47735
/home/lol/total_full_video/20200226_T1_GRF_1_full.mp4
9
18369 18548
18602 18864
22170 22860
23717 23864
30347 30812
39982 40430
42708 44075
44308 44574
48109 49971
/home/lol/total_full_video/20200226_T1_GRF_2_full.mp4
19
3391 4028
6218 6627
10060 10744
17982 18673
19037 19777
28969 29554
34810 36260
38677 39222
41460 41582
41588 41611
42053 42385
43870 44779
45970 46734
49505 50090
51792 52141
54030 54918
58934 59668
59935 60509
61202 61819
/home/lol/total_full_video/20200227_GEN_AF_1_full.mp4
24
5252 6114
7652 8117
15595 15966
18193 18463
19059 19413
23775 24310
30050 30825
36320 36553
36993 37355
43994 44265
46017 46265
46692 47156
51377 51599
52486 52703
52936 53122
59456 59763
65013 66496
67985 68478
69480 69888
76186 77198
77707 78341
79991 80544
81228 81838
85749 85969
/home/lol/total_full_video/20200227_GEN_AF_2_full.mp4
19
3190 3426
10576 11018
11587 11853
13180 13744
15599 16338
19369 19919
20961 21495
21659 22100
23320 23576
24449 25246
27094 27443
29324 29537
37494 38151
42609 43350
43719 44852
47490 47578
47633 48173
48448 49379
51794 53192
/home/lol/total_full_video/20200227_GEN_AF_3_full.mp4
8
10329 12208
23036 23086
23570 24017
34595 34850
37063 37325
43641 43954
47001 47856
51674 52906
/home/lol/total_full_video/20200227_HLE_DWG_1_full.mp4
15
4285 4492
4798 4960
5711 6225
6949 7155
8207 8412
19403 20739
24020 24482
29206 29624
33438 33885
35985 37013
42943 44528
50077 51759
57174 57310
57714 57834
59407 61410
/home/lol/total_full_video/20200227_HLE_DWG_2_full.mp4
13
6218 7045
8105 8628
11501 11854
16247 16997
17204 17909
18215 18511
24703 24743
24784 25177
25469 25734
40004 41620
42529 43149
46831 47093
47270 49298
/home/lol/total_full_video/20200227_HLE_DWG_3_full.mp4
22
2240 2247
2339 2686
4272 4758
7353 8403
9246 9266
9319 10659
13987 14896
18395 18687
19387 19606
25987 27312
28139 28336
30382 30924
32123 32211
32202 32245
32267 32739
33110 33733
37083 38051
43178 43942
46848 47719
51728 51990
58377 59261
59812 60513
/home/lol/total_full_video/20200228_APK_DRX_1_full.mp4
16
9343 9518
15118 15278
18562 18759
20329 20591
21364 21962
24372 24738
26431 26789
28575 29766
33861 34357
35245 35845
36195 36342
41614 42135
42334 42500
43079 43808
44233 45115
48957 50755
/home/lol/total_full_video/20200228_APK_DRX_2_full.mp4
24
3018 3232
3715 3884
4894 5241
7336 8133
10393 11276
11581 12024
12627 12836
13068 13400
14619 14811
15859 16724
18384 19546
21428 21905
21961 22033
22765 23256
34780 36039
36283 36526
38897 39588
41193 41767
44474 44708
45515 46202
46782 46993
52694 53045
54199 55273
55726 56423
/home/lol/total_full_video/20200228_T1_SB_1_full.mp4
13
3964 4622
5710 6123
12386 12731
13127 13528
18985 19408
19663 19808
22681 23303
32114 32910
35321 36053
44245 45073
47326 47926
49960 50575
55119 55859
/home/lol/total_full_video/20200228_T1_SB_2_full.mp4
7
13825 15597
22017 22537
32303 32976
37882 38686
43178 44112
48292 49047
52577 53559
/home/lol/total_full_video/20200229_DWG_AF_1_full.mp4
8
7375 8057
9120 9598
15925 17028
26851 27418
37049 37631
41125 42561
45986 47395
49727 52094
/home/lol/total_full_video/20200229_DWG_AF_2_full.mp4
17
5287 5662
6243 6563
16465 16906
17095 17368
18903 19459
21397 21891
23688 24270
25104 26294
26715 27090
28592 29474
33197 33563
35504 36126
36549 36966
41297 42022
45469 46002
52206 52608
53464 55089
/home/lol/total_full_video/20200229_DWG_AF_3_full.mp4
16
5428 5605
5848 7073
8333 8818
13685 14584
22142 22888
35532 35832
40351 40547
43168 43498
43630 43894
50818 51127
55086 56454
59453 61877
64717 67395
68501 68665
75051 75524
76508 77216
/home/lol/total_full_video/20200229_KT_HLE_1_full.mp4
13
3817 4041
6313 6814
21029 21469
23863 24742
25402 26477
30451 31144
34856 35341
42306 42328
42380 42740
43491 44021
48429 48638
49585 50137
54870 55596
/home/lol/total_full_video/20200229_KT_HLE_2_full.mp4
13
15708 15709
15709 15949
15970 16000
16880 17417
23395 23570
23984 24333
29686 30042
37902 38432
41429 41779
42018 42239
45971 47470
49692 50802
54355 55586
/home/lol/total_full_video/20200301_DRX_GRF_1_full.mp4
19
5417 5930
7845 8039
11068 11285
12255 12764
14901 15492
16064 16310
17813 18433
18918 19358
20273 20785
27753 28489
28720 29028
30814 31005
44825 44994
45664 46281
49246 50159
51147 51784
53196 53342
61838 62555
66994 67828
/home/lol/total_full_video/20200301_DRX_GRF_2_full.mp4
22
14528 14930
19578 20268
23095 23477
24905 25740
27059 27255
28402 28756
30214 31866
33705 34209
34494 34527
34569 34962
35364 35671
35917 36063
36118 36893
37888 38233
39637 40445
40816 41347
43158 44475
45030 45510
49353 49761
50442 51697
55275 56160
56589 58377
/home/lol/total_full_video/20200301_GEN_APK_1_full.mp4
15
7755 8037
12142 12173
12230 12530
12952 13538
19102 19781
21920 22330
25096 26140
27184 27728
38892 39256
40482 40805
41053 41637
45056 45692
46553 46729
47351 47871
50015 51672
/home/lol/total_full_video/20200304_DWG_DRX_1_full.mp4
18
6126 6622
6998 7416
13534 13741
14149 14275
20316 21867
24640 24823
25159 25895
32157 32928
36856 37497
41610 43659
50095 50602
52604 53696
54132 54913
55058 55059
56531 56774
57268 58036
58599 59799
62467 62599
/home/lol/total_full_video/20200304_DWG_DRX_2_full.mp4
15
4292 4754
7225 8213
9948 10802
14453 16133
17328 17877
19775 20155
21325 22569
24012 24674
28065 28425
40545 41370
43735 44398
45894 46165
46745 47500
53637 54594
58378 60211
/home/lol/total_full_video/20200304_HLE_APK_1_full.mp4
13
11489 11838
14663 15220
19418 19428
19507 20577
25452 25930
29713 30163
34370 34751
45823 46250
46878 47927
49627 50251
51077 52093
54819 55449
55765 56843
/home/lol/total_full_video/20200304_HLE_APK_2_full.mp4
19
13584 14415
17891 18342
22233 22731
31595 32231
38465 38495
38595 38727
39855 40118
40333 41707
48892 49189
51853 52023
52248 52879
56982 57546
59854 60463
60560 60796
63279 63482
67187 67437
69103 69473
71576 72859
76525 78248
/home/lol/total_full_video/20200305_AF_T1_2_full.mp4
14
8090 8348
18497 19286
22948 23813
30001 30414
31477 32188
37766 38196
39752 39991
44297 44790
46110 46920
47274 47419
51841 52453
56096 56569
60427 61391
64354 64461
/home/lol/total_full_video/20200305_AF_T1_3_full.mp4
18
8067 8388
8651 9132
13992 14855
16612 16869
18834 19681
23518 23872
31106 31360
38171 38400
39523 40432
47260 47937
49641 50598
57768 58512
59187 59701
65272 65562
72800 73383
73699 74215
74842 75461
76087 76533
/home/lol/total_full_video/20200305_SB_GEN_1_full.mp4
14
12262 13369
20326 21131
30013 30117
34585 34920
35154 36831
40586 40815
44572 45809
48140 49312
58296 58731
62110 62495
62956 64089
68006 68218
69137 69577
73924 74857
/home/lol/total_full_video/20200305_SB_GEN_2_full.mp4
19
4674 5064
6632 7206
8742 9230
9973 10359
15220 15362
15364 15423
15450 15722
19425 19557
21870 21986
22265 23096
24390 24621
28185 28763
32578 32876
33941 34695
37172 37687
41755 42589
44307 45208
50226 50430
50498 51491
/home/lol/total_full_video/20200306_GRF_KT_1_full.mp4
11
4224 4439
20772 20921
25234 25648
35681 36270
44113 44373
45319 46206
50856 51664
54553 55566
58510 58756
59341 59872
63649 65885
/home/lol/total_full_video/20200306_GRF_KT_2_full.mp4
10
5680 5995
11868 12467
20934 21138
21197 21685
34568 34946
38196 39120
44003 44345
48994 49738
54040 56922
59840 61001
/home/lol/total_full_video/20200306_GRF_KT_3_full.mp4
13
10496 10707
13672 14062
14709 15249
16257 16258
23651 24000
26101 26436
30501 30947
32913 33617
34033 35815
40622 40938
41310 41573
44118 44646
51654 53331
/home/lol/total_full_video/20200325_HLE_DRX_1_full.mp4
17
5987 6222
9879 10199
13779 13798
13847 14048
17889 17919
17967 18271
18927 19864
22299 22607
36959 37236
37402 37682
39222 39831
40367 40784
44168 45580
47757 48034
50927 52129
53944 55592
58541 59469
/home/lol/total_full_video/20200325_HLE_DRX_2_full.mp4
19
7655 8178
13235 13488
15802 15803
16178 16239
17822 18179
18858 19084
20015 20694
22729 23126
23319 23795
33002 33377
33742 34070
35452 35691
44713 45262
47529 48169
48651 49156
51525 51743
55525 56043
57471 58022
60602 62020
/home/lol/total_full_video/20200325_HLE_DRX_3_full.mp4
16
1990 2285
6751 6876
7246 7508
8839 8869
9213 9812
11502 11971
12878 13449
21026 21836
23058 24428
25126 25611
33344 33915
49867 50350
51415 52125
58614 59378
60190 60714
70274 72345
/home/lol/total_full_video/20200325_KT_DWG_1_full.mp4
17
3359 3757
11452 12047
12788 13616
15402 15784
17358 17565
17970 18762
25908 25909
25914 25951
25983 26133
26812 27165
32658 32985
33701 34232
38270 38890
40973 41009
43200 43883
48886 49799
50603 51132
/home/lol/total_full_video/20200325_KT_DWG_2_full.mp4
11
6364 6547
13112 14180
14980 15427
18439 19399
21479 21729
31635 32365
46391 47788
51006 51626
53390 53874
57371 58967
61741 63057
/home/lol/total_full_video/20200325_KT_DWG_3_full.mp4
13
5056 5237
10297 10617
10673 10705
12448 12565
12669 13801
18548 18948
21137 22656
24889 25206
26365 27156
35889 36641
37128 37451
43209 43493
46458 47806
/home/lol/total_full_video/20200326_AF_SB_1_full.mp4
16
6794 7095
12772 13868
19723 20111
25216 25739
27247 28175
30856 31263
32465 32830
36326 36358
36418 36691
36926 37218
37263 37280
49034 49378
50170 51118
55137 55430
55483 56570
61952 62048
/home/lol/total_full_video/20200326_AF_SB_2_full.mp4
10
6409 6528
6682 6832
7489 8017
22599 22983
23287 23796
41295 42563
45992 46357
57326 58262
62772 63484
67237 68681
/home/lol/total_full_video/20200326_GEN_DWG_1_full.mp4
11
4941 5189
6692 7527
8725 9051
11866 12750
15293 15794
17533 18755
35424 35952
38848 40155
42666 42782
48253 48702
49589 51438
/home/lol/total_full_video/20200326_GEN_DWG_2_full.mp4
16
6906 6936
7027 7373
8236 8702
14450 14744
17820 18289
23863 24098
25143 25716
27993 28629
32558 33926
40335 40548
43170 43811
50848 51924
56682 57506
57898 58740
61993 62552
62608 64332
/home/lol/total_full_video/20200326_T1_APK_1_full.mp4
8
16330 16662
17124 17813
21139 21612
26053 26792
27269 27595
37083 37968
38811 40410
41532 43968
/home/lol/total_full_video/20200327_HLE_KT_1_full.mp4
13
8184 8301
8363 8536
17170 17417
20276 20576
25158 25642
29932 30364
32009 32794
39617 40054
43877 44429
46986 48125
49312 49492
51945 53388
55689 56473
/home/lol/total_full_video/20200327_HLE_KT_2_full.mp4
11
11299 11672
20513 20792
24405 25622
28527 28771
29272 30026
32302 33667
35853 36184
36897 37990
40983 41298
42477 42949
43497 45162
/home/lol/total_full_video/20200327_SB_GRF_1_full.mp4
12
6550 7563
13803 14058
14635 15235
16764 17286
48727 49394
55209 55601
59041 59331
60658 62154
66982 67723
68128 68697
72243 72256
72298 73813
/home/lol/total_full_video/20200327_SB_GRF_2_full.mp4
11
3394 4359
8240 8756
17155 17543
18387 19367
24260 24957
29025 29658
31625 32047
41258 42257
44874 45318
48065 48688
58213 60220
/home/lol/total_full_video/20200327_SB_GRF_3_full.mp4
11
14785 14844
14900 15269
19204 19546
19828 20496
31820 31913
31917 31941
31970 32759
36603 36965
46332 47470
57549 57550
57561 59778
/home/lol/total_full_video/20200327_T1_DRX_1_full.mp4
12
6441 6911
11638 11958
16162 16935
25275 25796
35834 36622
48099 49035
52556 53277
57550 58584
67445 67872
70671 72543
76364 76981
83651 86405
/home/lol/total_full_video/20200327_T1_DRX_2_full.mp4
11
882 1735
9505 9906
15592 16398
19537 20156
22432 22750
23272 24030
28544 29794
40332 41528
49838 50935
56234 56693
58164 59418
/home/lol/total_full_video/20200328_AF_GEN_2_full.mp4
10
6517 7096
9051 9528
11938 12303
13412 13471
13585 13719
23247 23651
38115 38927
60014 60428
62485 63168
70549 71753
/home/lol/total_full_video/20200328_DWG_APK_1_full.mp4
23
9535 10006
11116 11647
17277 17675
20049 20516
22767 23437
26922 28342
28933 29746
30427 30437
30518 31707
35505 36723
40914 41531
47461 48201
53085 53558
57992 57996
58042 58819
60312 60913
68033 69326
72826 74714
78311 79600
80629 81264
91874 92525
93171 94744
98694 99296
/home/lol/total_full_video/20200328_DWG_APK_2_full.mp4
18
8326 8555
10899 11547
12334 12569
15286 15670
17514 17842
19485 20024
21576 21847
30815 31586
35186 35354
38242 38821
40871 41246
42004 42657
43504 44028
44492 45270
49073 49980
53412 53757
54577 55338
59714 61952
/home/lol/total_full_video/20200328_GRF_DRX_1_full.mp4
11
2935 3256
7511 7913
9190 9808
22355 22858
26164 26964
33581 33773
34775 35412
45547 45722
45783 46313
48941 49379
50656 52716
/home/lol/total_full_video/20200328_GRF_DRX_2_full.mp4
17
5511 5851
6212 6620
11668 12335
12978 13732
15872 16511
19316 19823
21832 22276
22897 23650
25172 25613
27731 28061
31676 31927
34953 35450
35685 36241
45890 45891
45876 45925
45952 46359
46710 48920
/home/lol/total_full_video/20200329_APK_SB_1_full.mp4
11
7989 8409
13060 14209
18896 19074
23423 23928
27718 28300
37955 38432
39696 40080
41079 41621
43913 45562
46202 47545
51124 54170
/home/lol/total_full_video/20200329_APK_SB_2_full.mp4
16
8062 8069
8172 8614
12420 12853
16608 17047
19288 19817
21591 22687
29587 30930
32586 32790
32842 33411
45692 46169
51565 53196
55796 56779
60735 61695
62568 63664
66859 67682
72001 73432
/home/lol/total_full_video/20200329_KT_AF_1_full.mp4
14
1603 1700
4974 4977
5105 5574
7667 8034
8657 9057
10261 10282
10357 10831
11734 12334
22150 22172
22229 22493
22866 23550
28895 29176
34303 35855
42612 44548
/home/lol/total_full_video/20200329_KT_AF_3_full.mp4
13
10152 10637
12727 13370
25390 25478
25535 26167
28134 28861
30708 31004
41249 41754
49302 51019
55750 55990
56726 57760
58278 58923
61402 61901
70308 72293
/home/lol/total_full_video/20200329_T1_HLE_1_full.mp4
12
11605 12074
13024 13862
14583 14760
18148 18402
22413 22802
29156 29157
29151 29191
29217 29474
32537 33263
35615 35892
38864 40147
43091 45259
/home/lol/total_full_video/20200329_T1_HLE_2_full.mp4
11
5044 5331
6315 6897
16551 17498
21509 21952
28175 28756
30602 31764
32328 32947
42042 43002
46446 46644
50263 50945
51661 53532
/home/lol/total_full_video/20200329_T1_HLE_3_full.mp4
20
8101 8378
9216 9637
10090 10630
14002 14881
19176 19264
19343 19727
22734 23369
24312 24680
26387 27132
30291 30929
31712 32293
34997 35404
39291 39593
41044 41269
44673 45468
48867 48955
49020 49246
49577 49841
57207 58326
70021 71527
/home/lol/total_full_video/20200401_DRX_SB_1_full.mp4
11
3768 4279
12939 13299
19629 19923
21890 22684
28824 28854
28917 29112
30757 31115
31434 32186
41624 42185
50611 50851
51869 53697
/home/lol/total_full_video/20200401_DRX_SB_2_full.mp4
17
5275 5891
7679 8107
8400 9016
17382 18253
22144 22670
24226 24743
26241 26506
34967 36745
38055 38507
40947 41209
42281 43652
48356 48861
65056 65809
68996 69403
69449 69699
72812 73096
80516 81896
/home/lol/total_full_video/20200401_DRX_SB_3_full.mp4
6
7285 7593
17387 18022
22164 23795
33963 34960
38893 41079
44521 46234
/home/lol/total_full_video/20200401_GEN_T1_1_full.mp4
13
9831 10473
17008 17425
28421 28917
34540 34952
39250 39808
47714 48186
52522 52795
55819 56002
56654 57246
57922 58473
66883 69121
69844 70736
73391 74173
/home/lol/total_full_video/20200401_GEN_T1_2_full.mp4
7
8459 9118
18733 19181
23621 23872
28050 28270
39323 39677
39882 40308
46956 49169
/home/lol/total_full_video/20200401_GEN_T1_3_full.mp4
12
5739 6278
13589 13926
18981 19601
22252 22959
28479 28593
28879 29611
34145 34419
37934 39148
42012 42775
43654 44709
52047 54019
57634 58983
/home/lol/total_full_video/20200401_KT_GRF_1_full.mp4
13
12337 13039
16546 16692
16738 16787
17764 17823
17958 18235
29026 29354
33348 33599
40333 40720
42163 42470
43095 43966
49436 50280
54110 54697
59418 61092
/home/lol/total_full_video/20200401_KT_GRF_2_full.mp4
8
2213 2600
21775 23059
29373 29581
29946 30266
34569 35241
52447 53151
53935 55326
63416 65357
/home/lol/total_full_video/20200401_KT_GRF_3_full.mp4
10
3915 4086
14932 15328
16205 16613
19949 20385
23614 24348
31543 31979
33781 34088
35198 35688
41646 42362
48000 50034
/home/lol/total_full_video/20200402_AF_APK_1_full.mp4
15
3708 4057
16086 16201
16194 16235
16263 16523
21199 22178
24536 24807
26025 26360
28827 29460
36141 37292
41132 41779
42807 43926
51012 52039
59868 60898
63407 63714
65215 67080
/home/lol/total_full_video/20200402_AF_APK_2_full.mp4
19
6970 7267
11352 12206
13902 14068
14931 15321
15705 16075
16896 17142
17480 17923
18290 19163
23185 24457
33237 34072
35908 36254
36296 36878
45385 46305
49123 49283
50078 50602
55789 56172
57263 58496
64826 65566
66262 67025
/home/lol/total_full_video/20200402_DWG_HLE_1_full.mp4
10
3351 4276
13423 14313
14620 14825
21589 22003
26634 27691
32658 33369
37001 37683
41847 42488
45865 46341
46566 48185
/home/lol/total_full_video/20200403_AF_DWG_1_full.mp4
20
3705 4239
5972 6282
11688 12234
25824 26056
31799 33125
35674 35896
36407 36757
42114 42906
45508 46061
46785 47504
56925 57378
60421 60665
62109 62495
63030 63323
63932 64399
67621 68289
71267 71892
72109 72315
72809 72871
73704 75432
/home/lol/total_full_video/20200403_AF_DWG_2_full.mp4
20
2365 2560
5044 5697
5981 6477
7149 7336
9315 9964
11054 11364
14410 15155
16273 16831
18254 18671
19071 19370
28779 28955
28994 30685
39836 42595
46352 46667
49136 50184
53094 54079
63543 64416
64796 64855
64975 65444
77127 79286
/home/lol/total_full_video/20200403_GEN_SB_1_full.mp4
14
9705 9845
11997 12061
12469 12896
14238 14539
17981 18011
18063 19136
26547 26548
26540 26582
26618 27336
34644 35176
39099 39464
39785 40764
45737 46949
49955 51202
/home/lol/total_full_video/20200403_GEN_SB_2_full.mp4
13
9421 9863
14469 14966
18483 19143
22265 22540
27739 28082
29118 29788
42939 43685
50247 50817
51662 52389
54409 54554
55002 55281
56422 56992
60988 62647
/home/lol/total_full_video/20200403_GRF_T1_1_full.mp4
17
8127 8666
12617 13051
13385 13653
32097 32420
32816 33465
39667 40034
41189 41499
43123 43983
45843 46611
47667 48738
49129 49409
51710 52717
55626 56010
59679 60194
63483 64017
64350 64956
66126 69404
/home/lol/total_full_video/20200403_GRF_T1_2_full.mp4
13
9455 9773
10231 10545
14431 15386
16647 17213
24757 25326
25602 25891
27631 27991
33131 33318
33533 34317
61240 62012
64947 65739
67967 68863
72974 74719
/home/lol/total_full_video/20200403_GRF_T1_3_full.mp4
13
1007 1790
2795 3332
7189 7756
12722 13556
19220 19665
31981 32742
37000 37412
39478 40601
42798 43528
47404 47701
48621 49410
53060 53152
53211 54654
/home/lol/total_full_video/20200404_APK_KT_1_full.mp4
16
8520 8754
8800 8981
11304 11513
14991 15564
16503 17466
26728 27450
38806 39171
39776 39954
44011 44997
52164 53471
54879 55795
56472 56861
57882 58689
60177 61401
67677 68388
71701 72776
/home/lol/total_full_video/20200404_APK_KT_2_full.mp4
11
8527 8528
16230 17118
22469 22885
32471 32721
36078 36874
39720 40285
40762 41347
45040 45659
50036 50842
51197 52142
55730 56809
/home/lol/total_full_video/20200404_APK_KT_3_full.mp4
15
5820 6248
7454 7758
12018 12819
14543 14975
15863 16328
19641 19707
19760 20226
23324 24094
35236 35869
37438 38046
44529 44989
45922 46282
48708 49599
53850 54346
54827 56142
/home/lol/total_full_video/20200404_GEN_DRX_2_full.mp4
20
8414 8712
11174 11469
12039 12260
13408 14000
22125 22365
24626 24889
28218 28690
28730 28923
31550 31878
33591 33990
37930 37989
38035 38767
53138 54415
54782 56394
58957 59169
62020 62793
69354 69527
69577 70234
73044 73452
74177 75846
/home/lol/total_full_video/20200404_SB_HLE_1_full.mp4
10
22398 22935
28393 29202
45614 45914
46675 46977
48110 48428
50542 51299
54611 54677
54733 55754
60287 61046
64623 66111
/home/lol/total_full_video/20200404_SB_HLE_2_full.mp4
14
6631 6999
10632 11285
12564 12912
17249 18140
22913 23412
26468 27049
33723 34876
38323 38672
42498 43347
44717 45127
45914 46101
48269 48849
53074 53220
53288 53987
/home/lol/total_full_video/20200404_SB_HLE_3_full.mp4
12
4150 4684
10512 10542
10612 11038
12448 12990
16824 18017
22713 23523
24323 24566
34143 34741
46686 46858
46919 47676
49646 50350
51760 53813
/home/lol/total_full_video/20200405_APK_GRF_1_full.mp4
17
2873 3223
5881 6142
7947 8280
13070 13666
27015 27285
30073 30487
37579 37923
37929 37959
37987 38929
42379 42677
46355 47000
48776 49241
50127 50741
51437 51871
57188 57339
57549 57956
61509 63508
/home/lol/total_full_video/20200405_APK_GRF_2_full.mp4
12
2535 2748
13111 13737
22494 22774
23177 23648
25596 26514
28806 29589
29913 30272
35635 36159
46014 46802
47346 47579
51763 52184
52775 53589
/home/lol/total_full_video/20200405_APK_GRF_3_full.mp4
14
5965 6146
6993 7390
9489 10346
22059 22550
27339 27905
33201 33933
37614 38624
47378 47881
48567 49082
50708 51745
55979 56971
60771 61774
64246 65996
74511 75332
/home/lol/total_full_video/20200405_DWG_T1_1_full.mp4
16
7528 8217
11513 11911
12572 13229
15072 15909
17182 17559
19497 20147
25141 25532
27839 28422
29378 29735
31899 32510
39103 39195
40434 40659
41863 42272
43238 43439
44039 45366
46063 47113
/home/lol/total_full_video/20200405_DWG_T1_2_full.mp4
11
6456 6842
7252 7711
15526 16748
26894 27303
33094 33745
34367 34859
43456 43736
47743 48644
50562 51720
54114 54603
55381 57115
/home/lol/total_full_video/20200405_HLE_AF_1_full.mp4
14
5937 6389
12120 12150
12209 12453
19515 19749
21321 22001
22474 22978
25370 25602
30174 31802
32221 32438
34941 35508
42867 43901
49255 50131
52707 54401
56892 57332
/home/lol/total_full_video/20200405_HLE_AF_2_full.mp4
18
3733 4835
5135 5693
9927 10297
10810 11625
13745 14021
14490 15132
18611 18848
23357 23445
23487 23837
24684 26473
28168 28969
30343 30814
32913 33187
38485 38906
42558 43137
46909 47570
48069 48454
51602 53025
/home/lol/total_full_video/20200408_APK_GEN_1_full.mp4
14
2656 3035
10062 10075
10121 10645
15345 16450
21478 21630
22665 23483
26967 27113
29644 29655
29721 30248
42753 42783
42846 43930
47591 48440
51650 52357
56120 57514
/home/lol/total_full_video/20200408_APK_GEN_3_full.mp4
15
6185 6885
7605 8116
11640 12348
13898 14069
14445 14488
15264 15876
30554 31096
39627 39744
39790 40010
40664 40959
42888 43184
45804 46378
46885 47583
49923 50825
52543 53704
/home/lol/total_full_video/20200408_DWG_GRF_1_full.mp4
19
3760 4210
4539 4833
6375 6569
10072 10684
11450 12019
16648 16707
16878 16884
16949 17648
17758 18267
22755 22857
23959 24517
27716 27949
28692 28912
29538 29832
34541 35163
54968 55350
56161 57121
68824 69215
69867 72027
/home/lol/total_full_video/20200408_DWG_GRF_2_full.mp4
5
17398 19036
24942 25541
29473 29718
43216 44165
49436 51176
/home/lol/total_full_video/20200409_AF_GRF_1_full.mp4
16
13477 14117
25026 25296
31907 32116
32167 32176
32537 33619
41186 41449
42286 42542
43684 44505
49133 49828
55149 55460
56316 56815
57437 58209
62040 62565
63112 63605
66192 66445
70045 72049
/home/lol/total_full_video/20200409_AF_GRF_2_full.mp4
15
2004 2200
6111 6438
7942 8664
10602 10812
11801 12268
16028 16792
22426 23194
34383 35171
35547 36179
40434 41061
49692 49693
49700 49742
49766 49974
50448 51348
62986 65123
/home/lol/total_full_video/20200409_SB_T1_1_full.mp4
14
12477 12478
12483 12600
12632 12650
18885 19363
23461 23816
25173 25671
29064 29590
33791 34164
34802 35326
44858 45234
49922 50057
50691 51518
53064 54098
55236 57183
/home/lol/total_full_video/20200409_SB_T1_2_full.mp4
18
8735 9039
9668 10186
14969 15702
17759 18340
21333 21462
23821 24093
26073 26886
28202 28627
35835 36133
36593 37306
39635 40217
43349 43653
44751 45071
47859 48084
48990 49313
50000 50565
55609 55726
55785 57265
/home/lol/total_full_video/20200410_DRX_DWG_2_full.mp4
16
2578 3247
8388 8418
8402 8452
8478 8612
9908 10097
11179 11621
12256 12983
15178 15441
18622 18865
24226 25132
37624 38050
41051 41321
47059 47244
53041 53517
53934 54834
58426 60685
/home/lol/total_full_video/20200410_DRX_DWG_3_full.mp4
12
6268 6730
12763 13157
18404 19029
22480 22519
22579 22816
27335 28951
46715 48318
61086 62150
68006 68326
70356 71464
74843 77662
80401 81419
/home/lol/total_full_video/20200410_T1_KT_1_full.mp4
15
1838 2158
23111 23830
25165 25489
28375 28833
33224 33312
33370 33523
34525 35000
39624 39865
44496 46381
50489 51633
56822 57048
57982 58728
59837 60180
63778 65048
65092 65126
/home/lol/total_full_video/20200410_T1_KT_2_full.mp4
11
7184 7529
12182 12757
28053 28620
29381 29547
34950 35492
39820 40281
44398 44665
45676 46388
48406 48685
61742 62561
66676 68469
/home/lol/total_full_video/20200411_APK_HLE_2_full.mp4
22
4411 4787
7165 7727
11125 11243
11481 11728
12035 12767
14163 14398
15531 15878
16917 17616
18639 19081
27558 28028
29908 30274
37220 37890
46306 46336
46338 46571
46605 47476
52434 52774
57064 57727
58100 58567
62445 63396
65818 66429
68852 70209
72207 74498
/home/lol/total_full_video/20200411_APK_HLE_3_full.mp4
10
17992 17993
17992 18464
22927 23474
26250 27292
29107 29460
30111 30259
52057 52887
53565 54349
67832 68180
68596 71134
/home/lol/total_full_video/20200411_SB_KT_1_full.mp4
14
14998 15739
16169 17121
22494 22874
26819 27446
33707 34144
36771 37168
38167 39086
40794 41897
42686 43071
43471 43802
46654 47040
52732 53279
54760 55399
56028 56451
/home/lol/total_full_video/20200411_SB_KT_2_full.mp4
8
11658 11781
11826 12451
15475 16338
22066 22891
27673 28399
31177 32006
35749 36196
41508 44245
/home/lol/total_full_video/20200412_DRX_AF_1_full.mp4
17
3638 3922
7147 7206
7269 7363
11525 11870
12067 12337
14106 14315
15137 15743
17882 18505
19380 20125
21339 22080
22723 22972
32019 32733
37986 38726
46019 46179
46680 46873
48517 48924
50235 54993
/home/lol/total_full_video/20200412_DRX_AF_2_full.mp4
15
8944 9155
9565 9931
10408 10807
16463 16961
19319 19557
22862 22950
23631 24220
27045 27308
28305 28954
29982 30255
34086 35060
44016 44802
45608 46337
49891 49950
50012 51459
/home/lol/total_full_video/20200412_DRX_AF_3_full.mp4
21
1162 1489
3906 4357
5062 5419
6516 7023
10478 11157
15236 15384
15445 15795
16639 17236
17635 17774
19205 19206
19253 19758
22825 23817
26881 27733
30513 31755
35607 36009
38906 39164
39543 40163
49801 50515
50992 51346
62245 62333
62397 64275
/home/lol/total_full_video/20200412_HLE_GEN_1_full.mp4
20
3576 3630
3668 3793
5839 6281
16099 16366
17644 18058
19991 20757
22979 23173
24405 24544
25007 25621
27069 28028
36200 38727
41101 42141
47332 47804
51915 52075
54459 54767
58007 58577
59078 59491
60648 61030
63254 64144
66765 67675
/home/lol/total_full_video/20200412_HLE_GEN_2_full.mp4
19
11845 12804
18343 18865
19997 20608
23678 23852
24365 24465
26585 27361
27863 28966
36524 37140
39356 39651
56490 57853
58543 58690
58775 58879
59514 59766
65169 66807
69670 70214
71648 72229
76716 78329
80173 80644
85032 86576
/home/lol/total_full_video/20200412_HLE_GEN_3_full.mp4
20
4008 4202
5155 5732
8795 9207
12604 13643
15093 15705
21418 21609
22812 23352
27002 27845
31123 32754
35756 36308
42924 43941
44631 44869
44844 44903
44930 45004
46296 47420
49563 50143
51197 52313
52760 53047
54490 54897
55459 58484
/home/lol/total_full_video/20200415_DWG_SB_1_full.mp4
20
3385 4479
5585 6460
7891 8376
10719 10818
10853 11557
14002 14358
16147 16543
17995 18676
19896 20079
21595 22338
22798 23045
26230 26723
34396 35042
41197 41624
44616 44929
50205 51193
55749 57783
60135 60381
62306 62422
62498 63753
/home/lol/total_full_video/20200415_DWG_SB_2_full.mp4
16
6534 7020
13342 14175
16419 18145
20200 20784
22759 23630
24201 25160
28330 28374
28455 28790
30189 30815
33968 35204
38629 38833
38889 39385
44762 45662
46374 46736
52584 54009
56125 57389
/home/lol/total_full_video/20200415_GEN_KT_1_full.mp4
12
6516 7023
13587 14043
23313 23860
28179 29236
32769 32965
34001 35152
36759 37957
43552 44048
53908 54837
57354 58381
60556 60892
70742 73579
/home/lol/total_full_video/20200415_GEN_KT_2_full.mp4
10
4014 4374
5810 5814
5863 6468
12551 12968
16418 16810
23285 23580
40410 41530
43684 44468
45598 46702
47271 48398
/home/lol/total_full_video/20200415_GEN_KT_3_full.mp4
11
3181 3356
10871 11324
16453 17048
30135 30868
34748 35177
36806 38174
39821 42805
49890 50399
51147 51870
52424 52831
63247 65317
/home/lol/total_full_video/20200415_T1_AF_1_full.mp4
13
10943 11224
20692 21415
29055 29445
33568 33960
34734 35085
35708 36104
38508 38717
39506 39640
43502 44035
44480 45048
46798 46886
46927 47509
49946 51275
/home/lol/total_full_video/20200415_T1_AF_2_full.mp4
22
6191 6424
6483 6736
7099 7274
8652 9418
10098 10476
12395 13299
19376 19778
20259 20728
23184 23375
27063 27721
27888 28029
30856 32357
34886 35525
37841 38772
45643 47168
48306 48968
53439 53778
54447 54920
55509 55961
57558 58325
60983 61278
61911 63342
/home/lol/total_full_video/20200416_DRX_APK_1_full.mp4
18
5570 6103
8329 8580
13330 13383
13422 14002
14401 14713
16744 16910
17538 18014
18287 18752
19209 20033
21351 21711
21883 22280
23340 24528
27376 27712
28555 28995
31390 32529
36214 36597
38237 39229
43755 45804
/home/lol/total_full_video/20200416_DRX_APK_2_full.mp4
17
9075 9780
10217 11457
14178 15014
16703 17268
19615 19993
24032 24342
30445 30860
32100 32467
32830 33131
33366 33688
36735 37442
38235 38565
40124 40662
41346 41698
42370 43226
45461 46352
51227 53239
/home/lol/total_full_video/20200416_DRX_APK_3_full.mp4
20
4120 4145
6592 6989
9553 9884
12707 13147
16041 17014
18212 18479
20005 20035
20113 20583
21116 21640
23381 24213
24530 24865
25366 27490
30081 30898
31137 31370
34847 34877
34934 35859
36505 38336
39024 39815
41390 42159
43055 44821
/home/lol/total_full_video/20200416_GRF_HLE_1_full.mp4
12
6999 7501
14198 14865
16842 17573
20831 21129
21461 21817
62503 63390
66731 67230
69476 70089
78925 79313
80805 81174
83014 83131
83176 84656
/home/lol/total_full_video/20200416_GRF_HLE_2_full.mp4
14
8442 8984
10349 10755
11383 11510
15186 16029
25963 26268
27169 27692
33120 33299
33987 34266
34979 35203
35365 35667
37823 38114
44116 45076
49069 49373
52282 54056
/home/lol/total_full_video/20200418_KT_DWG_1_full.mp4
20
7009 7354
7550 7596
8996 9348
12539 12779
16610 16798
17055 17300
18146 18421
19052 19599
19933 20388
24132 24716
30281 30820
37412 38292
44701 44909
46618 46822
47334 47575
52039 52559
53167 53968
56325 56939
58146 58533
69466 71066
/home/lol/total_full_video/20200418_KT_DWG_2_full.mp4
16
5534 6096
9617 10576
14407 14741
15128 16753
23384 24178
27085 27506
32539 33506
43604 43605
43608 43667
43694 44025
50419 51090
52006 52852
55099 55575
57975 59740
60492 61265
62502 64186
/home/lol/total_full_video/20200418_KT_DWG_3_full.mp4
14
16305 16306
16313 16427
16458 16601
17937 18413
22050 22271
22580 23071
24051 24311
33118 34136
42588 43472
53212 53913
54701 55160
62983 63514
65536 65724
69078 70746
/home/lol/total_full_video/20200420_DRX_DWG_1_full.mp4
11
17784 18106
22402 22979
25301 27234
39842 40384
51352 51543
55530 55714
56020 56603
57015 58179
60921 61192
61841 61900
61972 63138
/home/lol/total_full_video/20200420_DRX_DWG_2_full.mp4
22
2811 3055
8866 9312
11940 12186
12596 12839
13461 15068
16735 17477
19303 19698
20234 20493
23999 24815
27423 27771
32510 33235
33691 34407
34783 35222
36055 36609
36919 37380
38850 39018
41782 42062
42892 43670
51010 51372
52265 52805
56600 56803
57235 58853
/home/lol/total_full_video/20200420_DRX_DWG_3_full.mp4
16
11551 12557
14024 15040
15059 15185
23201 24090
26310 27701
30635 31101
33783 34536
37643 37829
39252 39629
40713 40921
43105 43665
44369 45652
46148 46407
53385 54070
57968 58921
63869 66108
/home/lol/total_full_video/20200420_DRX_DWG_4_full.mp4
22
7573 8037
8422 9323
12634 12877
13103 13294
13553 13756
17976 18233
19991 20419
23886 24142
25224 26085
31918 33579
35164 35249
35335 35373
35845 35972
41658 42234
45168 46213
46510 46975
58489 60166
60991 61957
62397 63270
67671 67852
70710 71414
71984 73692
/home/lol/total_full_video/20200420_DRX_DWG_5_full.mp4
14
17213 18126
19212 19952
23666 24017
25501 25985
34631 34942
38900 39295
40294 40902
41680 43146
48078 48108
48102 48142
48169 48367
49830 50413
51174 51476
53894 55514
/home/lol/total_full_video/20200422_T1_DRX_1_full.mp4
14
12382 12553
12565 13465
18005 18697
21454 21980
25159 26009
26377 26794
30458 30938
31292 31900
41720 43886
44615 45108
47408 47902
52633 53507
57741 59624
61824 63662
/home/lol/total_full_video/20200422_T1_DRX_2_full.mp4
13
10573 10719
10776 10863
11212 11505
11710 12238
19531 20567
25127 25767
33551 34386
40002 40003
40051 40551
45297 46336
48955 49239
49840 51101
54568 55785
/home/lol/total_full_video/20200422_T1_DRX_3_full.mp4
16
7474 7475
14507 14811
19557 19857
23245 23779
24169 24400
32335 32599
33397 33543
33607 34141
36662 37347
42981 43156
45811 47397
55512 55959
56953 57227
57845 58136
59830 59976
62125 63745
/home/lol/total_full_video/20200422_T1_DRX_4_full.mp4
14
12256 12803
15853 16217
17205 17661
19128 19447
21437 21702
22564 23264
28048 28319
30379 30727
31950 32241
32456 33047
36241 36721
38786 39692
43806 45011
48005 48857
/home/lol/total_full_video/20200425_T1_GEN_1_full.mp4
21
4373 4775
9175 9623
13837 13955
14882 15294
20163 20751
25775 26013
32636 32649
32698 33169
42102 42981
43475 43734
48294 48913
53835 54587
57439 57568
60992 61247
61492 61920
64974 65147
65567 66094
76979 76982
77039 77732
79303 80233
81089 81789
/home/lol/total_full_video/20200425_T1_GEN_2_full.mp4
12
12279 12852
13814 14195
14675 15185
19117 19700
23637 24041
24699 25088
35719 36095
37559 37881
43833 44610
45242 45707
45796 46098
52796 54719
/home/lol/total_full_video/20200428_GRF_SRB_1_full.mp4
13
6332 6470
6553 6685
11202 11779
15935 16291
21755 21814
21881 22446
29085 29586
32856 33371
42553 43151
51911 53804
58312 58995
61502 61971
64287 65594
/home/lol/total_full_video/20200428_GRF_SRB_2_full.mp4
13
10539 10540
11117 11535
11726 12027
14382 14577
19420 19951
21200 21867
23679 23854
26609 27038
31980 33293
38018 38998
43636 44409
48693 50221
50562 51463
/home/lol/total_full_video/20200428_SB_DYN_2_full.mp4
11
7746 7980
8815 9201
12706 13095
17790 18552
21485 22561
27666 27925
30331 30970
38792 39245
42064 42482
45734 45882
47735 49593
/home/lol/total_full_video/20200429_DYN_SRB_1_full.mp4
14
3083 3717
6000 6309
16311 16523
17125 17405
18018 18315
23994 25349
28824 29335
32487 32909
34969 35268
36050 36777
39649 40404
42408 43106
45579 46297
47641 49111
/home/lol/total_full_video/20200429_DYN_SRB_2_full.mp4
14
6506 6827
7724 7930
8410 9079
14754 15757
16464 17453
21919 22819
28705 29469
29791 29874
31470 31837
32368 33016
37271 37478
37494 37524
38317 38635
41202 42731
/home/lol/total_full_video/20200429_SB_GRF_1_full.mp4
8
14384 14881
24311 24950
32291 33027
36328 36805
39138 40586
48597 48953
49223 50153
54851 57071
/home/lol/total_full_video/20200429_SB_GRF_2_full.mp4
15
10040 10745
11618 12012
15166 15491
17246 17578
18241 18671
33070 33955
37502 37567
38119 38503
43268 44529
47462 47803
54632 56554
62224 62763
65129 65631
66024 66112
66242 67318
/home/lol/total_full_video/20200430_SRB_SB_1_full.mp4
15
8891 9115
9600 10309
13705 13979
15301 15599
16191 17007
19683 20757
23033 24580
27728 28021
29090 29393
32200 32862
46730 47480
48401 49139
50816 51062
51572 51804
52404 53458
/home/lol/total_full_video/20200430_SRB_SB_2_full.mp4
20
3667 4341
8460 8478
8546 8843
20009 20220
22119 22728
22974 23129
26694 27190
28279 28846
30639 31432
34016 34345
35522 35870
40215 40480
40674 40841
41116 42015
43987 44223
48294 48585
48586 48619
48646 48748
49365 49835
51253 53147
/home/lol/total_full_video/20200430_SRB_SB_3_full.mp4
11
4489 4548
4667 4840
8725 9459
12579 13289
18175 18780
22475 23229
31637 32394
39327 40597
43921 44034
44165 44484
55248 57522
/home/lol/total_full_video/20200617_DRX_T1_1_full.mp4
14
4252 4484
6711 7377
12812 13498
15466 16133
24275 24978
29558 29929
33315 33503
34244 34585
34732 35544
43557 43928
44643 45047
48152 49180
49858 50397
53254 53409
/home/lol/total_full_video/20200617_DRX_T1_2_full.mp4
22
9542 9567
9704 10113
14369 14399
14485 14486
14483 14542
15444 16044
16658 16838
19795 20202
23886 24184
25194 25536
26738 26982
28417 29178
32202 32794
36438 36621
37932 38422
41178 41443
41969 42477
46597 47129
47402 47899
54771 55575
56834 56992
58832 59420
/home/lol/total_full_video/20200617_DRX_T1_3_full.mp4
22
14774 15178
16791 17012
21082 21430
22327 22520
24332 24459
24865 25090
27205 27426
27878 28112
30894 31240
31380 31615
35122 35144
35224 36047
38099 38918
40949 41303
42690 42990
47216 47762
51539 51962
54663 55144
55359 55944
56660 57446
58805 59125
59684 60564
/home/lol/total_full_video/20200617_SB_AF_1_full.mp4
11
17494 18223
19530 20041
22482 24034
27265 27906
32207 32266
32319 32515
35618 36070
45142 45809
47817 48549
49758 50812
51256 51520
/home/lol/total_full_video/20200617_SB_AF_2_full.mp4
11
4319 4516
11944 12341
12552 12798
15813 16624
20762 21389
26185 27203
35409 36888
42784 42976
43131 43759
49829 50515
54831 55680
/home/lol/total_full_video/20200618_HLE_SP_1_full.mp4
14
9286 9287
10078 11119
12327 12653
16658 17639
20302 20635
21738 22020
23417 23668
24856 26221
33850 34245
43242 43504
46029 46267
58192 58782
62962 63480
65753 66774
/home/lol/total_full_video/20200618_HLE_SP_2_full.mp4
20
5297 5753
7594 8165
9006 9685
17283 17287
17346 18100
22068 22506
23662 24253
27628 28078
28865 29255
29802 30655
39078 40284
45092 46012
46983 47546
48829 49180
54748 55035
60375 61049
62579 64471
68936 69522
75504 76738
79573 79665
/home/lol/total_full_video/20200618_HLE_SP_3_full.mp4
24
1723 2046
8074 8309
11214 11220
11302 11927
17831 18384
19965 20502
21775 21970
22251 22628
23165 24430
26771 28071
29540 29722
29891 30736
34641 35177
36276 36631
37157 37544
39263 39819
40430 40691
42145 42147
42186 42796
48547 48577
48631 49290
53616 54203
54384 54966
58361 59862
/home/lol/total_full_video/20200618_KT_DYN_1_full.mp4
17
13527 13753
16257 16470
23455 23814
24518 25105
40417 41277
41637 42224
44755 44975
45638 45899
47570 47937
51110 51843
58391 58566
58673 58953
61002 62181
69875 69934
70127 70473
70990 71833
74603 75889
/home/lol/total_full_video/20200618_KT_DYN_2_full.mp4
10
8728 8816
8811 8850
8878 10291
12653 13022
16879 17475
24201 24745
25785 26386
28666 28843
39391 40648
41099 43218
/home/lol/total_full_video/20200619_DWG_SB_1_full.mp4
15
8086 8297
10264 10854
20168 20314
20304 20348
20379 20448
22731 24083
24261 24720
25018 25430
30662 31044
33042 33887
36834 37157
38704 39084
40049 40432
43972 44607
45188 45797
/home/lol/total_full_video/20200619_DWG_SB_2_full.mp4
16
3919 4193
6848 7287
7635 8084
10653 11761
12340 12606
14995 15648
16279 16550
17315 18021
21887 22327
22477 23223
26201 27479
29263 29346
30793 32475
34188 35358
41526 42384
42753 43566
/home/lol/total_full_video/20200619_GEN_DRX_1_full.mp4
18
4491 4624
6538 6730
13484 13732
19957 20016
20212 20858
21555 21879
25681 25886
26272 26713
29172 29597
31771 32615
36452 36709
43112 43151
43197 43666
46074 46382
46605 46678
46907 47057
51510 52821
53076 53311
/home/lol/total_full_video/20200619_GEN_DRX_2_full.mp4
9
3233 4363
9470 9940
10168 10961
21408 21702
25210 26662
27970 28795
44450 44890
48967 49164
52865 54579
/home/lol/total_full_video/20200619_GEN_DRX_3_full.mp4
22
7719 7720
8442 8960
10589 10897
11791 13009
13180 13637
15909 15914
15994 16171
16473 16560
17109 17438
18769 19305
23253 23341
23518 23691
23941 24106
29373 30934
35616 36100
37216 37725
45069 45232
49932 50169
50611 51394
62456 62486
62537 62827
63478 65047
/home/lol/total_full_video/20200620_DYN_AF_1_full.mp4
15
4449 4450
4463 4715
6120 6621
14526 15185
19392 19611
20276 20537
21800 22177
40434 40991
50040 50319
54110 54592
62307 62785
63015 63508
63722 63965
64133 64702
67778 68855
/home/lol/total_full_video/20200620_DYN_AF_2_full.mp4
20
8430 8431
10914 11691
12613 12874
16202 16474
18771 19158
26495 27304
27932 28602
32140 32460
32757 33028
36466 37356
42106 42804
52292 53820
58128 59361
66045 66568
67388 67676
70862 71327
71370 71812
76046 76262
77371 78629
81594 81725
/home/lol/total_full_video/20200620_DYN_AF_3_full.mp4
10
8838 8868
17860 18144
18738 19298
24972 25586
30507 31062
37108 37406
37901 38522
42928 43311
51754 52800
54849 55139
/home/lol/total_full_video/20200620_T1_HLE_1_full.mp4
17
9576 9898
11818 12237
15678 16020
24000 24374
24738 25022
30770 31347
32847 33002
40412 40683
42520 42676
46472 46502
47324 47969
48890 49167
51133 51481
55029 55167
55608 55799
56056 56194
56655 57011
/home/lol/total_full_video/20200620_T1_HLE_3_full.mp4
21
10364 10899
15393 15423
15409 15457
15484 15661
16397 16614
21266 21531
22218 22828
24617 24923
28508 28926
32438 32651
37592 37935
38758 39317
39494 39624
39827 40274
43004 43163
46871 47445
51655 51997
52128 52566
53400 53756
56902 57213
57386 58584
/home/lol/total_full_video/20200621_KT_GEN_1_full.mp4
27
4565 4868
6877 8002
11561 11843
13454 13719
14990 15263
15607 16000
16891 17750
22866 22874
23095 23096
23100 23187
28260 28322
29366 29531
32578 32743
35160 35606
36259 37041
40826 40836
40903 41196
46253 47424
51214 51456
52694 52988
59341 59662
62022 62195
66601 66602
66614 66636
66663 67069
71496 72266
72554 73164
/home/lol/total_full_video/20200621_KT_GEN_2_full.mp4
25
3387 3677
8852 8989
12740 12765
12804 14191
14666 15082
16208 16444
18692 19147
23854 24928
25665 26378
28676 29151
29622 29928
33577 34408
38024 38719
42304 42548
44184 44979
45296 45819
49163 49641
49808 50133
54193 55255
57480 57568
57626 57743
60773 61096
62061 63224
63393 63948
66095 66194
/home/lol/total_full_video/20200621_KT_GEN_3_full.mp4
17
1567 2416
7308 7717
12040 12281
15825 16599
22140 22291
22582 23040
29583 30482
34328 34886
35103 35224
37657 38039
39795 40417
44463 45848
50060 50327
51040 52354
55013 55896
59443 59935
60263 61168
/home/lol/total_full_video/20200621_SP_DWG_2_full.mp4
22
3691 4026
6444 7112
7404 7589
7882 8291
11978 12231
12828 13216
16081 17356
20969 21231
22293 23071
27242 27863
28235 28894
32730 33083
33514 33724
35504 35720
37852 38411
39677 40547
41287 41927
45990 46348
46482 46720
47486 47722
47823 47913
48529 49748
/home/lol/total_full_video/20200624_DYN_SP_1_full.mp4
15
7986 9093
11305 11561
12915 13224
17750 17823
17837 17936
22727 23185
27250 27533
32749 33592
43116 43323
43494 43987
47798 48382
48728 48758
48863 49273
53127 53186
53246 53685
/home/lol/total_full_video/20200624_DYN_SP_2_full.mp4
16
3283 3444
5248 5858
15047 15630
22743 22761
22816 22972
23966 24540
27162 27845
28041 28419
29279 29624
29891 30153
34051 34504
40326 41231
45196 45585
45782 46351
47056 47188
49649 51478
/home/lol/total_full_video/20200624_DYN_SP_3_full.mp4
13
4145 4374
6325 7294
8660 9027
14625 14885
22538 22651
23005 23395
26531 27205
35236 35701
42099 42324
42695 43321
44138 44515
47825 48094
49957 51059
/home/lol/total_full_video/20200624_HLE_KT_1_full.mp4
15
14690 14900
15183 15546
22373 22858
23517 23671
24151 24706
32821 33098
33340 33601
34348 34676
46084 46893
51215 51245
51285 51431
55383 55769
58827 59846
63637 64087
64886 65574
/home/lol/total_full_video/20200624_HLE_KT_2_full.mp4
15
10490 10689
20824 21144
22043 22466
26052 26963
29501 29778
30151 31053
32270 32682
38921 39803
41282 41998
44764 44794
44872 45438
47029 47905
49269 49525
50573 51122
51595 53799
/home/lol/total_full_video/20200625_DRX_SB_1_full.mp4
11
5251 5513
7082 7359
18636 18923
29574 29961
39428 40108
41740 41744
42358 43693
46880 47751
51976 52635
55674 56466
57042 58087
/home/lol/total_full_video/20200625_DRX_SB_2_full.mp4
12
11649 12251
14090 14512
22825 22833
22882 24195
26469 26767
27702 28227
34061 34444
35610 36001
36934 37836
43513 44024
46166 47684
50699 52398
/home/lol/total_full_video/20200625_DRX_SB_3_full.mp4
13
11581 11582
15214 15685
20954 21374
23511 24065
27905 28407
33137 33587
35226 35609
44786 44793
44836 45156
45357 46412
47463 47671
60169 60950
61225 61786
/home/lol/total_full_video/20200625_GEN_DWG_2_full.mp4
15
7486 7916
18583 19338
20486 21213
21772 22938
27138 27819
33047 33306
41075 43025
45014 45772
46547 47415
51781 52093
55043 55322
58831 58838
58906 58958
58992 59504
59963 60511
/home/lol/total_full_video/20200626_AF_T1_1_full.mp4
20
8411 8412
12596 12597
12581 12631
12658 12750
13754 14194
18770 19310
22228 22731
26482 27255
33940 34529
35144 35302
38117 38263
39670 40009
44916 45071
45579 46475
50687 51707
52398 53398
54958 55853
59093 59415
60200 61406
64427 64564
/home/lol/total_full_video/20200626_AF_T1_2_full.mp4
9
15944 15945
22468 22740
29950 30219
32901 34190
35894 36137
36642 37552
40094 41188
44350 44468
45452 46887
/home/lol/total_full_video/20200626_AF_T1_3_full.mp4
19
4690 4957
8303 8333
8478 9118
12917 12950
12997 13651
15351 15596
17669 17996
23364 23635
25945 26772
32665 32813
32817 32847
32877 33516
35293 35499
39563 40414
43307 43899
44169 44848
52271 53175
56542 57679
65534 66842
/home/lol/total_full_video/20200626_HLE_DYN_2_full.mp4
15
7273 7274
17370 17371
15564 15570
15606 16296
17375 17599
27697 28192
28815 29116
30500 31004
31800 31976
33710 33926
37593 38013
39637 40548
43017 43192
47959 48121
52085 53810
/home/lol/total_full_video/20200627_DWG_KT_2_full.mp4
17
4346 4573
4919 5217
6472 6589
6761 6803
7508 8175
8892 9309
10995 11299
11537 11786
16091 16440
16943 18020
20276 21413
27907 28794
31026 32246
33985 34826
38550 38609
38621 38643
38670 40039
/home/lol/total_full_video/20200627_SP_GEN_1_full.mp4
18
4204 4392
6364 6645
15909 15968
16050 16738
17506 18133
21343 21805
24192 24628
26289 26828
29967 30707
33704 34207
39938 40406
44774 45373
45587 46053
46784 47510
50023 50312
50801 50995
51394 52220
55173 55308
/home/lol/total_full_video/20200627_SP_GEN_2_full.mp4
19
9217 10206
13085 13713
16221 16655
16937 18332
20398 21242
23105 23555
28790 29004
31539 31866
34338 34844
35408 36125
38124 38425
38717 39487
40106 41240
44440 44880
46241 47133
48810 49077
49455 49688
49730 50089
51827 53090
/home/lol/total_full_video/20200628_AF_DRX_1_full.mp4
15
4451 4817
9078 9758
13767 14156
18134 18545
24200 25122
29242 29791
34366 35417
37857 38814
40662 41395
47754 47784
47881 48430
48670 49462
55892 55893
55895 56040
56066 58030
/home/lol/total_full_video/20200628_AF_DRX_2_full.mp4
18
3935 3952
3999 4185
6863 7366
8167 9363
19729 19759
19817 20268
21385 22435
26817 26934
26998 27223
28607 29006
32104 33126
35610 36343
42296 43497
51333 53319
55105 56035
61672 63070
69221 70669
71195 71812
/home/lol/total_full_video/20200628_SB_T1_1_full.mp4
23
5455 5702
18550 18918
20219 21019
22089 22464
22872 23392
24066 24300
24996 25681
28874 29210
29404 29724
33341 33371
33534 33689
34213 34707
35454 35933
37866 38131
38853 39253
43683 43957
44486 44772
46892 47070
47492 47551
47596 47806
49801 50549
56295 56806
57248 58352
/home/lol/total_full_video/20200701_GEN_SB_2_full.mp4
24
2761 3204
9097 9301
14611 14973
15913 16489
20248 20365
20421 21268
23726 24106
24306 24637
25465 25714
26720 27109
27616 28016
29030 29033
29068 29521
30351 31123
34494 34897
36100 36334
39543 39974
40490 41814
42025 42300
44870 45903
47618 47814
47827 47839
48961 50173
50482 50803
/home/lol/total_full_video/20200701_T1_DWG_1_full.mp4
13
21107 21465
22291 22569
25108 25517
32963 33602
37180 37665
39761 40348
45208 45424
45646 46639
47078 47409
56529 56990
57583 59013
59381 59877
62811 64759
/home/lol/total_full_video/20200701_T1_DWG_2_full.mp4
21
6690 6917
7698 8577
8760 9527
12406 12621
15644 16171
25470 25744
29650 29923
32113 32548
41666 41667
39680 39768
39805 39971
43914 45373
48509 48756
51777 52253
55434 55442
55536 56094
68958 69625
70240 70648
73016 73607
84992 86587
86703 88477
/home/lol/total_full_video/20200702_HLE_AF_1_full.mp4
10
5625 6062
7384 7762
22327 22624
28902 29530
32419 32854
33857 34164
38580 39352
39972 40619
43008 43646
48439 50330
/home/lol/total_full_video/20200702_HLE_AF_2_full.mp4
17
11306 11676
16113 16509
18301 18662
20025 20788
21116 21612
23041 23440
23646 24294
25441 26063
27985 28465
34241 35360
36524 37586
39213 39879
44105 44665
46471 47034
55897 56815
59685 60541
61461 62339
/home/lol/total_full_video/20200703_GEN_T1_1_full.mp4
13
9697 10018
14577 15510
17593 18057
21037 21173
23788 24412
24667 24907
25679 25990
30557 31207
44798 44992
45391 45991
55834 56508
58813 59374
67850 69955
/home/lol/total_full_video/20200704_DWG_HLE_1_full.mp4
22
6737 7303
11959 11963
12104 12192
12262 13057
13576 13927
14151 14702
16565 16793
18473 19290
22645 22965
24397 24623
25877 26230
28068 28461
28805 30159
30467 30846
32763 33145
34448 34644
36294 36677
36901 37105
38930 39384
39709 40333
40915 41672
42369 44781
/home/lol/total_full_video/20200704_DYN_SB_1_full.mp4
22
6299 6641
7682 8411
10852 11210
11836 12459
15142 15869
20757 20916
21718 22046
26714 26963
33070 33300
33299 33334
33391 33461
36302 36844
36968 37143
42076 42777
43305 43669
44487 45052
48922 49244
49458 49632
49882 50261
53068 53881
62889 63176
63951 65723
/home/lol/total_full_video/20200704_DYN_SB_2_full.mp4
18
2268 2485
8605 9082
11902 12749
16348 16700
20014 20353
21976 22269
25351 26604
34301 35135
38548 38814
41818 42068
42506 43136
45900 46065
50711 51600
52195 53685
57303 57555
63531 63881
64142 64437
64702 66264
/home/lol/total_full_video/20200704_DYN_SB_3_full.mp4
13
6268 6414
6667 6919
18027 18820
22129 22598
23364 23627
29205 29388
31048 31703
40606 41258
41627 42041
44341 44912
51305 52044
53408 54365
55042 55624
/home/lol/total_full_video/20200705_KT_AF_1_full.mp4
14
10101 10554
18042 18072
18159 18489
24226 24584
28553 28863
29390 29503
32887 33532
38531 38874
45656 46069
46387 47094
50245 50655
54247 54341
56181 56948
57755 58423
/home/lol/total_full_video/20200705_SP_DRX_1_full.mp4
11
7893 8655
11316 12085
15745 16228
17940 18340
21242 21972
28882 29439
32832 33095
44814 45348
47458 48223
50754 52749
55747 55913
/home/lol/total_full_video/20200705_SP_DRX_2_full.mp4
13
7878 7937
7987 8783
9698 9994
17518 18656
20907 21365
22048 23066
26071 26944
31414 32373
32984 33826
34312 34645
37283 37736
39156 39282
40349 42267
/home/lol/total_full_video/20200220_GRF_DWG_1_full.mp4
13
411 775
1746 2017
10957 11189
12231 12527
21037 22008
34485 35886
39759 39967
40032 40552
40922 41235
46274 46363
46443 46878
47921 48756
51678 53440
/home/lol/total_full_video/20200301_GEN_APK_2_full.mp4
19
7121 7725
7789 7954
8195 8254
19558 19768
24896 25301
26499 26587
27852 27911
27987 28987
30908 31025
33125 33912
38106 38392
40927 41257
43740 44624
45204 45716
46784 47456
49315 49695
52891 54417
57539 57834
58181 59917
/home/lol/total_full_video/20200305_AF_T1_1_full.mp4
19
6770 8241
12953 13458
17061 17070
17680 17704
17746 17835
23475 24847
32078 32108
32262 33472
45827 46639
49990 50049
50472 51082
51230 51358
54772 55195
55633 56301
56818 57379
59657 59745
59873 60268
62857 63356
63710 65091
/home/lol/total_full_video/20200408_APK_GEN_2_full.mp4
24
2022 2081
3060 3090
4205 5486
7732 8493
11631 11980
9005 9205
11948 12211
18095 18212
19270 19283
23375 25107
34688 35127
39066 39409
40947 41203
42990 43309
44283 44313
46059 47373
47958 48354
49079 49681
58979 61112
64149 64989
66241 67231
68293 69000
77838 78873
80176 82931
/home/lol/total_full_video/20200410_DRX_DWG_1_full.mp4
12
5719 5923
6438 7050
9205 9509
10216 10636
11874 12239
15123 15367
18170 18518
19148 20921
32259 32895
35840 36596
39297 39670
41013 42873
/home/lol/total_full_video/20200411_APK_HLE_1_full.mp4
13
4917 5258
5310 6007
12096 12105
16920 17721
28159 29310
31055 31464
31789 32821
39350 39808
40328 41138
46961 47162
54621 55642
55714 55860
58447 61768
/home/lol/total_full_video/20200415_DWG_SB_3_full.mp4
18
6357 6833
6917 7129
8665 9308
11773 12069
18424 18720
23668 23937
25991 26468
27849 28250
30517 30993
31162 31859
34844 35784
37460 38683
45287 45658
51403 52110
55466 55468
55603 56568
57172 57642
57729 58232
/home/lol/total_full_video/20200428_SB_DYN_1_full.mp4
12
15081 15794
16561 16570
23944 24778
28646 29007
33223 33601
33670 33729
34582 35096
44506 44773
54141 54200
54567 55266
59625 60436
60495 61052
/home/lol/total_full_video/20200214_DWG_GEN_1_full.mp4
11
18020 19088
21949 22387
23706 24025
25319 26013
31735 32032
35346 35978
42702 43249
43981 44116
46979 47938
50119 51151
56150 58880
/home/lol/total_full_video/20200328_AF_GEN_1_full.mp4
16
3269 3515
7535 7652
7715 7953
8691 9046
13742 15061
20638 20639
20820 21387
25071 26077
30274 30582
32476 33042
42488 43925
60477 61034
61759 62486
63163 64870
66612 66778
70640 72554
/home/lol/total_full_video/20200329_KT_AF_2_full.mp4
10
5357 5689
9900 11015
14450 14787
18790 19429
23139 24257
34391 35180
43959 44382
49194 49583
57696 58830
62112 63188
/home/lol/total_full_video/20200402_DWG_HLE_2_full.mp4
16
13691 14144
14601 14602
15125 15388
18841 19053
21323 22533
24859 25214
27198 27603
27840 28517
30746 30863
32977 33560
35791 36192
36923 37128
37655 38451
40491 41291
42349 42722
44464 45825
/home/lol/total_full_video/20200428_GRF_SRB_3_full.mp4
18
8690 9171
10084 10519
10894 11273
23151 23805
26663 26917
29864 30319
30847 31363
36430 37452
40803 42208
42561 43089
47395 47838
48687 48951
51049 51198
53261 54260
57095 58155
65763 65851
65945 66317
92250 94083
/home/lol/total_full_video/20200620_T1_HLE_2_full.mp4
16
7494 7717
9256 9675
10915 11388
16562 16696
18606 18863
23185 23989
26302 26660
27600 27767
27935 28148
31530 31702
31840 32456
38923 39220
39821 40177
40383 40690
41281 43169
46401 46864
/home/lol/total_full_video/20200621_SP_DWG_1_full.mp4
18
7810 8332
8879 9261
9546 10084
10998 11195
14946 15321
15598 16041
17765 18086
18608 18928
21167 22061
25463 26016
32588 33371
36239 36885
37754 38168
39250 40730
42712 43206
46262 46292
46335 46611
48077 49125
/home/lol/total_full_video/20200625_GEN_DWG_1_full.mp4
10
14746 15799
24290 24817
25890 27008
30935 31584
32080 32430
33098 33249
34752 35252
40414 41463
51821 52989
53693 54234
/home/lol/total_full_video/20200625_GEN_DWG_3_full.mp4
17
4595 5128
8463 9164
12915 13712
14903 15138
16254 16863
17507 17787
22386 22679
22756 23336
27846 28346
30573 31524
33304 33971
34656 35366
38211 39981
41280 41574
47989 48311
50123 50775
51112 52015
/home/lol/total_full_video/20200626_HLE_DYN_1_full.mp4
15
7911 8264
18294 18561
23732 23945
27089 27253
29465 29890
31485 31966
32179 32530
32858 33303
33467 33685
39885 40555
43192 43584
48004 48373
50978 51516
54691 55029
59666 61124
/home/lol/total_full_video/20200627_DWG_KT_1_full.mp4
8
6409 7006
18256 18562
19390 19841
20441 20853
24698 25256
26820 28448
37541 38807
41104 42727
/home/lol/total_full_video/20200628_SB_T1_2_full.mp4
10
16973 17515
20543 21011
28692 29156
41347 41988
45302 45432
47797 48039
52261 53086
54050 54370
56639 57078
61113 63203
/home/lol/total_full_video/20200701_GEN_SB_1_full.mp4
17
6715 6942
10601 11300
14256 14586
21805 22555
27367 27753
28949 29341
31897 32192
39440 39445
39505 40379
42679 43041
43265 43736
45509 46051
46764 47640
49848 50714
56259 57717
57745 57805
60756 60833
/home/lol/total_full_video/20200702_DRX_DYN_2_full.mp4
16
4273 4536
5136 5503
5822 5946
6200 7104
7515 8524
11683 13841
16562 17333
17804 18120
22624 22626
28102 28374
33013 34212
37582 37777
39244 39914
41624 42256
42550 43219
43853 45716
/home/lol/total_full_video/20200703_GEN_T1_2_full.mp4
10
4949 5512
9529 10262
16871 16881
16936 17491
18395 18984
33997 35278
38765 39547
40373 40729
42529 42813
43943 45394
/home/lol/total_full_video/20200703_KT_SP_1_full.mp4
13
11399 11723
12484 12715
15184 15796
17381 17819
23376 23929
25256 25677
29900 30458
31594 31771
33828 34415
38751 39008
44328 45575
50096 52773
54929 55125
/home/lol/total_full_video/20200703_KT_SP_2_full.mp4
17
7358 7371
7417 7724
8999 9376
14928 15398
16353 16358
16923 17234
17829 18124
19733 20035
21852 22090
23094 23567
33038 34069
36480 36968
38169 38815
45252 45311
45372 45550
51304 51788
53088 55031
/home/lol/total_full_video/20200704_DWG_HLE_2_full.mp4
15
5918 7367
8194 8987
17894 18088
18194 19455
20163 21352
25291 25671
29680 29987
32365 33224
34141 34661
42950 43810
46396 46893
47495 48598
48812 50155
50839 51394
53452 54660
/home/lol/total_full_video/20200705_KT_AF_2_full.mp4
15
4709 5084
5841 7060
17016 17323
22097 22450
25497 26113
26294 26723
32600 32751
33071 33655
39165 39990
40345 40985
43729 44726
57092 58341
58432 59964
63211 63241
63341 64676
/home/lol/total_full_video/20200425_T1_GEN_3_full.mp4
23
2996 3222
6131 6517
10326 10558
15390 16000
16113 16654
18765 18952
19835 20796
21546 21701
22005 22032
22044 22054
22558 22905
24068 24346
25536 25746
26168 26376
30348 30447
30628 30972
34895 35753
36414 37554
38437 38776
40163 41269
47472 48280
51591 51737
51856 53743
/home/lol/total_full_video/20200702_DRX_DYN_1_full.mp4
26
6107 6112
6344 6655
7051 7325
7844 7996
14532 15463
15588 15914
16307 16717
18341 18718
22005 22043
22136 23100
23402 24408
29125 29271
29375 30073
38610 39007
39442 39769
40328 40387
40496 41058
42744 43091
44820 45073
46143 46578
46828 47411
48851 49461
57047 57222
57477 57507
58989 59844
60584 60943
/home/lol/total_full_video/20200325_GRF_GEN_2_full.mp4
15
4798 5006
5069 5708
6614 6964
12104 12134
12205 12763
16043 16404
22468 22812
26488 26605
26440 26794
34110 34691
34791 35456
35916 36587
41027 41414
44332 45003
46930 48542
/home/lol/total_full_video/20200402_KT_DRX_1_full.mp4
12
5149 5167
7176 7519
16585 16602
16803 17242
19328 19532
19327 19444
20264 20294
36261 36689
42689 43103
43580 44318
49879 50845
51395 52274
/home/lol/total_full_video/20200402_KT_DRX_2_full.mp4
16
5512 6035
11406 11409
12894 13116
13825 14143
20754 21138
21198 21456
22835 22842
22817 23072
29558 30335
30594 31318
34218 34277
37056 37406
38590 39194
41375 42223
47134 47650
48244 49617
/home/lol/total_full_video/20200404_GEN_DRX_1_full.mp4
19
1146 1970
4961 5000
4966 5054
11342 11372
12074 12133
12015 12045
21400 21413
21601 22804
26265 26532
27451 27873
30330 30944
34450 35406
35568 35773
37280 37410
38762 39081
39862 40664
47984 48099
48185 49316
59805 61512
/home/lol/total_full_video/20200325_GRF_GEN_1_full.mp4
12
5933 6166
6106 6200
6228 6536
11302 12457
24317 24405
30385 30701
30865 31911
37200 37901
38129 38510
40231 40445
41066 41217
43017 45241
