/home/lol/total_full_video/20200425_T1_GEN_3_full.mp4
23
2996 3222
6131 6517
10326 10558
15390 16000
16113 16654
18765 18952
19835 20796
21546 21701
22005 22032
22044 22054
22558 22905
24068 24346
25536 25746
26168 26376
30348 30447
30628 30972
34895 35753
36414 37554
38437 38776
40163 41269
47472 48280
51591 51737
51856 53743
/home/lol/total_full_video/20200702_DRX_DYN_1_full.mp4
26
6107 6112
6344 6655
7051 7325
7844 7996
14532 15463
15588 15914
16307 16717
18341 18718
22005 22043
22136 23100
23402 24408
29125 29271
29375 30073
38610 39007
39442 39769
40328 40387
40496 41058
42744 43091
44820 45073
46143 46578
46828 47411
48851 49461
57047 57222
57477 57507
58989 59844
60584 60943
/home/lol/total_full_video/20200325_GRF_GEN_1_full.mp4
0
/home/lol/total_full_video/20200325_GRF_GEN_2_full.mp4
15
4798 5006
5069 5708
6614 6964
12104 12134
12205 12763
16043 16404
22468 22812
26488 26605
26440 26794
34110 34691
34791 35456
35916 36587
41027 41414
44332 45003
46930 48542
/home/lol/total_full_video/20200402_KT_DRX_1_full.mp4
12
5149 5167
7176 7519
16585 16602
16803 17242
19328 19532
19327 19444
20264 20294
36261 36689
42689 43103
43580 44318
49879 50845
51395 52274
/home/lol/total_full_video/20200402_KT_DRX_2_full.mp4
16
5512 6035
11406 11409
12894 13116
13825 14143
20754 21138
21198 21456
22835 22842
22817 23072
29558 30335
30594 31318
34218 34277
37056 37406
38590 39194
41375 42223
47134 47650
48244 49617
/home/lol/total_full_video/20200404_GEN_DRX_1_full.mp4
19
1146 1970
4961 5000
4966 5054
11342 11372
12074 12133
12015 12045
21400 21413
21601 22804
26265 26532
27451 27873
30330 30944
34450 35406
35568 35773
37280 37410
38762 39081
39862 40664
47984 48099
48185 49316
59805 61512
/home/lol/total_full_video//home/lol/total_full_video/20200404_GEN_DRX_1_full.mp4 can not open
