/home/lol/total_full_video/20200220_GRF_DWG_1_full.mp4
13
411 775
1746 2017
10957 11189
12231 12527
21037 22008
34485 35886
39759 39967
40032 40552
40922 41235
46274 46363
46443 46878
47921 48756
51678 53440
/home/lol/total_full_video/20200301_GEN_APK_2_full.mp4
19
7121 7725
7789 7954
8195 8254
19558 19768
24896 25301
26499 26587
27852 27911
27987 28987
30908 31025
33125 33912
38106 38392
40927 41257
43740 44624
45204 45716
46784 47456
49315 49695
52891 54417
57539 57834
58181 59917
/home/lol/total_full_video/20200305_AF_T1_1_full.mp4
19
6770 8241
12953 13458
17061 17070
17680 17704
17746 17835
23475 24847
32078 32108
32262 33472
45827 46639
49990 50049
50472 51082
51230 51358
54772 55195
55633 56301
56818 57379
59657 59745
59873 60268
62857 63356
63710 65091
/home/lol/total_full_video/20200325_GRF_GEN_1_full.mp4
0
/home/lol/total_full_video/20200402_KT_DRX_1_full.mp4
1
22153 22184
/home/lol/total_full_video/20200404_GEN_DRX_1_full.mp4
0
/home/lol/total_full_video/20200408_APK_GEN_2_full.mp4
24
2022 2081
3060 3090
4205 5486
7732 8493
11631 11980
9005 9205
11948 12211
18095 18212
19270 19283
23375 25107
34688 35127
39066 39409
40947 41203
42990 43309
44283 44313
46059 47373
47958 48354
49079 49681
58979 61112
64149 64989
66241 67231
68293 69000
77838 78873
80176 82931
/home/lol/total_full_video/20200410_DRX_DWG_1_full.mp4
12
5719 5923
6438 7050
9205 9509
10216 10636
11874 12239
15123 15367
18170 18518
19148 20921
32259 32895
35840 36596
39297 39670
41013 42873
/home/lol/total_full_video/20200411_APK_HLE_1_full.mp4
13
4917 5258
5310 6007
12096 12105
16920 17721
28159 29310
31055 31464
31789 32821
39350 39808
40328 41138
46961 47162
54621 55642
55714 55860
58447 61768
/home/lol/total_full_video/20200415_DWG_SB_3_full.mp4
18
6357 6833
6917 7129
8665 9308
11773 12069
18424 18720
23668 23937
25991 26468
27849 28250
30517 30993
31162 31859
34844 35784
37460 38683
45287 45658
51403 52110
55466 55468
55603 56568
57172 57642
57729 58232
/home/lol/total_full_video/20200428_SB_DYN_1_full.mp4
12
15081 15794
16561 16570
23944 24778
28646 29007
33223 33601
33670 33729
34582 35096
44506 44773
54141 54200
54567 55266
59625 60436
60495 61052
