/home/lol/total_full_video/20200411_SB_KT_2_full.mp4
8
11658 11781
11826 12451
15475 16338
22066 22891
27673 28399
31177 32006
35749 36196
41508 44245
/home/lol/total_full_video/20200412_DRX_AF_1_full.mp4
17
3638 3922
7147 7206
7269 7363
11525 11870
12067 12337
14106 14315
15137 15743
17882 18505
19380 20125
21339 22080
22723 22972
32019 32733
37986 38726
46019 46179
46680 46873
48517 48924
50235 54993
/home/lol/total_full_video/20200412_DRX_AF_2_full.mp4
15
8944 9155
9565 9931
10408 10807
16463 16961
19319 19557
22862 22950
23631 24220
27045 27308
28305 28954
29982 30255
34086 35060
44016 44802
45608 46337
49891 49950
50012 51459
/home/lol/total_full_video/20200412_DRX_AF_3_full.mp4
21
1162 1489
3906 4357
5062 5419
6516 7023
10478 11157
15236 15384
15445 15795
16639 17236
17635 17774
19205 19206
19253 19758
22825 23817
26881 27733
30513 31755
35607 36009
38906 39164
39543 40163
49801 50515
50992 51346
62245 62333
62397 64275
/home/lol/total_full_video/20200412_HLE_GEN_1_full.mp4
20
3576 3630
3668 3793
5839 6281
16099 16366
17644 18058
19991 20757
22979 23173
24405 24544
25007 25621
27069 28028
36200 38727
41101 42141
47332 47804
51915 52075
54459 54767
58007 58577
59078 59491
60648 61030
63254 64144
66765 67675
/home/lol/total_full_video/20200412_HLE_GEN_2_full.mp4
19
11845 12804
18343 18865
19997 20608
23678 23852
24365 24465
26585 27361
27863 28966
36524 37140
39356 39651
56490 57853
58543 58690
58775 58879
59514 59766
65169 66807
69670 70214
71648 72229
76716 78329
80173 80644
85032 86576
/home/lol/total_full_video/20200412_HLE_GEN_3_full.mp4
20
4008 4202
5155 5732
8795 9207
12604 13643
15093 15705
21418 21609
22812 23352
27002 27845
31123 32754
35756 36308
42924 43941
44631 44869
44844 44903
44930 45004
46296 47420
49563 50143
51197 52313
52760 53047
54490 54897
55459 58484
/home/lol/total_full_video/20200415_DWG_SB_1_full.mp4
20
3385 4479
5585 6460
7891 8376
10719 10818
10853 11557
14002 14358
16147 16543
17995 18676
19896 20079
21595 22338
22798 23045
26230 26723
34396 35042
41197 41624
44616 44929
50205 51193
55749 57783
60135 60381
62306 62422
62498 63753
/home/lol/total_full_video/20200415_DWG_SB_2_full.mp4
16
6534 7020
13342 14175
16419 18145
20200 20784
22759 23630
24201 25160
28330 28374
28455 28790
30189 30815
33968 35204
38629 38833
38889 39385
44762 45662
46374 46736
52584 54009
56125 57389
/home/lol/total_full_video/20200415_DWG_SB_3_full.mp4
1
7991 7992
/home/lol/total_full_video/20200415_GEN_KT_1_full.mp4
12
6516 7023
13587 14043
23313 23860
28179 29236
32769 32965
34001 35152
36759 37957
43552 44048
53908 54837
57354 58381
60556 60892
70742 73579
/home/lol/total_full_video/20200415_GEN_KT_2_full.mp4
10
4014 4374
5810 5814
5863 6468
12551 12968
16418 16810
23285 23580
40410 41530
43684 44468
45598 46702
47271 48398
/home/lol/total_full_video/20200415_GEN_KT_3_full.mp4
11
3181 3356
10871 11324
16453 17048
30135 30868
34748 35177
36806 38174
39821 42805
49890 50399
51147 51870
52424 52831
63247 65317
/home/lol/total_full_video/20200415_T1_AF_1_full.mp4
13
10943 11224
20692 21415
29055 29445
33568 33960
34734 35085
35708 36104
38508 38717
39506 39640
43502 44035
44480 45048
46798 46886
46927 47509
49946 51275
/home/lol/total_full_video/20200415_T1_AF_2_full.mp4
22
6191 6424
6483 6736
7099 7274
8652 9418
10098 10476
12395 13299
19376 19778
20259 20728
23184 23375
27063 27721
27888 28029
30856 32357
34886 35525
37841 38772
45643 47168
48306 48968
53439 53778
54447 54920
55509 55961
57558 58325
60983 61278
61911 63342
/home/lol/total_full_video/20200416_DRX_APK_1_full.mp4
18
5570 6103
8329 8580
13330 13383
13422 14002
14401 14713
16744 16910
17538 18014
18287 18752
19209 20033
21351 21711
21883 22280
23340 24528
27376 27712
28555 28995
31390 32529
36214 36597
38237 39229
43755 45804
/home/lol/total_full_video/20200416_DRX_APK_2_full.mp4
17
9075 9780
10217 11457
14178 15014
16703 17268
19615 19993
24032 24342
30445 30860
32100 32467
32830 33131
33366 33688
36735 37442
38235 38565
40124 40662
41346 41698
42370 43226
45461 46352
51227 53239
/home/lol/total_full_video/20200416_DRX_APK_3_full.mp4
20
4120 4145
6592 6989
9553 9884
12707 13147
16041 17014
18212 18479
20005 20035
20113 20583
21116 21640
23381 24213
24530 24865
25366 27490
30081 30898
31137 31370
34847 34877
34934 35859
36505 38336
39024 39815
41390 42159
43055 44821
/home/lol/total_full_video/20200416_GRF_HLE_1_full.mp4
12
6999 7501
14198 14865
16842 17573
20831 21129
21461 21817
62503 63390
66731 67230
69476 70089
78925 79313
80805 81174
83014 83131
83176 84656
/home/lol/total_full_video/20200416_GRF_HLE_2_full.mp4
14
8442 8984
10349 10755
11383 11510
15186 16029
25963 26268
27169 27692
33120 33299
33987 34266
34979 35203
35365 35667
37823 38114
44116 45076
49069 49373
52282 54056
/home/lol/total_full_video/20200418_KT_DWG_1_full.mp4
20
7009 7354
7550 7596
8996 9348
12539 12779
16610 16798
17055 17300
18146 18421
19052 19599
19933 20388
24132 24716
30281 30820
37412 38292
44701 44909
46618 46822
47334 47575
52039 52559
53167 53968
56325 56939
58146 58533
69466 71066
/home/lol/total_full_video/20200418_KT_DWG_2_full.mp4
16
5534 6096
9617 10576
14407 14741
15128 16753
23384 24178
27085 27506
32539 33506
43604 43605
43608 43667
43694 44025
50419 51090
52006 52852
55099 55575
57975 59740
60492 61265
62502 64186
/home/lol/total_full_video/20200418_KT_DWG_3_full.mp4
14
16305 16306
16313 16427
16458 16601
17937 18413
22050 22271
22580 23071
24051 24311
33118 34136
42588 43472
53212 53913
54701 55160
62983 63514
65536 65724
69078 70746
/home/lol/total_full_video/20200420_DRX_DWG_1_full.mp4
11
17784 18106
22402 22979
25301 27234
39842 40384
51352 51543
55530 55714
56020 56603
57015 58179
60921 61192
61841 61900
61972 63138
/home/lol/total_full_video/20200420_DRX_DWG_2_full.mp4
22
2811 3055
8866 9312
11940 12186
12596 12839
13461 15068
16735 17477
19303 19698
20234 20493
23999 24815
27423 27771
32510 33235
33691 34407
34783 35222
36055 36609
36919 37380
38850 39018
41782 42062
42892 43670
51010 51372
52265 52805
56600 56803
57235 58853
/home/lol/total_full_video/20200420_DRX_DWG_3_full.mp4
16
11551 12557
14024 15040
15059 15185
23201 24090
26310 27701
30635 31101
33783 34536
37643 37829
39252 39629
40713 40921
43105 43665
44369 45652
46148 46407
53385 54070
57968 58921
63869 66108
/home/lol/total_full_video/20200420_DRX_DWG_4_full.mp4
22
7573 8037
8422 9323
12634 12877
13103 13294
13553 13756
17976 18233
19991 20419
23886 24142
25224 26085
31918 33579
35164 35249
35335 35373
35845 35972
41658 42234
45168 46213
46510 46975
58489 60166
60991 61957
62397 63270
67671 67852
70710 71414
71984 73692
/home/lol/total_full_video/20200420_DRX_DWG_5_full.mp4
14
17213 18126
19212 19952
23666 24017
25501 25985
34631 34942
38900 39295
40294 40902
41680 43146
48078 48108
48102 48142
48169 48367
49830 50413
51174 51476
53894 55514
/home/lol/total_full_video/20200422_T1_DRX_1_full.mp4
14
12382 12553
12565 13465
18005 18697
21454 21980
25159 26009
26377 26794
30458 30938
31292 31900
41720 43886
44615 45108
47408 47902
52633 53507
57741 59624
61824 63662
/home/lol/total_full_video/20200422_T1_DRX_2_full.mp4
13
10573 10719
10776 10863
11212 11505
11710 12238
19531 20567
25127 25767
33551 34386
40002 40003
40051 40551
45297 46336
48955 49239
49840 51101
54568 55785
/home/lol/total_full_video/20200422_T1_DRX_3_full.mp4
16
7474 7475
14507 14811
19557 19857
23245 23779
24169 24400
32335 32599
33397 33543
33607 34141
36662 37347
42981 43156
45811 47397
55512 55959
56953 57227
57845 58136
59830 59976
62125 63745
/home/lol/total_full_video/20200422_T1_DRX_4_full.mp4
14
12256 12803
15853 16217
17205 17661
19128 19447
21437 21702
22564 23264
28048 28319
30379 30727
31950 32241
32456 33047
36241 36721
38786 39692
43806 45011
48005 48857
/home/lol/total_full_video/20200425_T1_GEN_1_full.mp4
21
4373 4775
9175 9623
13837 13955
14882 15294
20163 20751
25775 26013
32636 32649
32698 33169
42102 42981
43475 43734
48294 48913
53835 54587
57439 57568
60992 61247
61492 61920
64974 65147
65567 66094
76979 76982
77039 77732
79303 80233
81089 81789
/home/lol/total_full_video/20200425_T1_GEN_2_full.mp4
12
12279 12852
13814 14195
14675 15185
19117 19700
23637 24041
24699 25088
35719 36095
37559 37881
43833 44610
45242 45707
45796 46098
52796 54719
/home/lol/total_full_video/20200425_T1_GEN_3_full.mp4
0
/home/lol/total_full_video/20200428_GRF_SRB_1_full.mp4
13
6332 6470
6553 6685
11202 11779
15935 16291
21755 21814
21881 22446
29085 29586
32856 33371
42553 43151
51911 53804
58312 58995
61502 61971
64287 65594
/home/lol/total_full_video/20200428_GRF_SRB_2_full.mp4
13
10539 10540
11117 11535
11726 12027
14382 14577
19420 19951
21200 21867
23679 23854
26609 27038
31980 33293
38018 38998
43636 44409
48693 50221
50562 51463
/home/lol/total_full_video/20200428_GRF_SRB_3_full.mp4
1
10175 10176
/home/lol/total_full_video/20200428_SB_DYN_1_full.mp4
1
15864 15865
/home/lol/total_full_video/20200428_SB_DYN_2_full.mp4
11
7746 7980
8815 9201
12706 13095
17790 18552
21485 22561
27666 27925
30331 30970
38792 39245
42064 42482
45734 45882
47735 49593
/home/lol/total_full_video/20200429_DYN_SRB_1_full.mp4
14
3083 3717
6000 6309
16311 16523
17125 17405
18018 18315
23994 25349
28824 29335
32487 32909
34969 35268
36050 36777
39649 40404
42408 43106
45579 46297
47641 49111
/home/lol/total_full_video/20200429_DYN_SRB_2_full.mp4
14
6506 6827
7724 7930
8410 9079
14754 15757
16464 17453
21919 22819
28705 29469
29791 29874
31470 31837
32368 33016
37271 37478
37494 37524
38317 38635
41202 42731
/home/lol/total_full_video/20200429_SB_GRF_1_full.mp4
8
14384 14881
24311 24950
32291 33027
36328 36805
39138 40586
48597 48953
49223 50153
54851 57071
/home/lol/total_full_video/20200429_SB_GRF_2_full.mp4
15
10040 10745
11618 12012
15166 15491
17246 17578
18241 18671
33070 33955
37502 37567
38119 38503
43268 44529
47462 47803
54632 56554
62224 62763
65129 65631
66024 66112
66242 67318
/home/lol/total_full_video/20200430_SRB_SB_1_full.mp4
15
8891 9115
9600 10309
13705 13979
15301 15599
16191 17007
19683 20757
23033 24580
27728 28021
29090 29393
32200 32862
46730 47480
48401 49139
50816 51062
51572 51804
52404 53458
/home/lol/total_full_video/20200430_SRB_SB_2_full.mp4
20
3667 4341
8460 8478
8546 8843
20009 20220
22119 22728
22974 23129
26694 27190
28279 28846
30639 31432
34016 34345
35522 35870
40215 40480
40674 40841
41116 42015
43987 44223
48294 48585
48586 48619
48646 48748
49365 49835
51253 53147
/home/lol/total_full_video/20200430_SRB_SB_3_full.mp4
11
4489 4548
4667 4840
8725 9459
12579 13289
18175 18780
22475 23229
31637 32394
39327 40597
43921 44034
44165 44484
55248 57522
/home/lol/total_full_video/20200617_DRX_T1_1_full.mp4
14
4252 4484
6711 7377
12812 13498
15466 16133
24275 24978
29558 29929
33315 33503
34244 34585
34732 35544
43557 43928
44643 45047
48152 49180
49858 50397
53254 53409
/home/lol/total_full_video/20200617_DRX_T1_2_full.mp4
22
9542 9567
9704 10113
14369 14399
14485 14486
14483 14542
15444 16044
16658 16838
19795 20202
23886 24184
25194 25536
26738 26982
28417 29178
32202 32794
36438 36621
37932 38422
41178 41443
41969 42477
46597 47129
47402 47899
54771 55575
56834 56992
58832 59420
/home/lol/total_full_video/20200617_DRX_T1_3_full.mp4
22
14774 15178
16791 17012
21082 21430
22327 22520
24332 24459
24865 25090
27205 27426
27878 28112
30894 31240
31380 31615
35122 35144
35224 36047
38099 38918
40949 41303
42690 42990
47216 47762
51539 51962
54663 55144
55359 55944
56660 57446
58805 59125
59684 60564
/home/lol/total_full_video/20200617_SB_AF_1_full.mp4
11
17494 18223
19530 20041
22482 24034
27265 27906
32207 32266
32319 32515
35618 36070
45142 45809
47817 48549
49758 50812
51256 51520
/home/lol/total_full_video/20200617_SB_AF_2_full.mp4
11
4319 4516
11944 12341
12552 12798
15813 16624
20762 21389
26185 27203
35409 36888
42784 42976
43131 43759
49829 50515
54831 55680
/home/lol/total_full_video/20200618_HLE_SP_1_full.mp4
14
9286 9287
10078 11119
12327 12653
16658 17639
20302 20635
21738 22020
23417 23668
24856 26221
33850 34245
43242 43504
46029 46267
58192 58782
62962 63480
65753 66774
/home/lol/total_full_video/20200618_HLE_SP_2_full.mp4
20
5297 5753
7594 8165
9006 9685
17283 17287
17346 18100
22068 22506
23662 24253
27628 28078
28865 29255
29802 30655
39078 40284
45092 46012
46983 47546
48829 49180
54748 55035
60375 61049
62579 64471
68936 69522
75504 76738
79573 79665
/home/lol/total_full_video/20200618_HLE_SP_3_full.mp4
24
1723 2046
8074 8309
11214 11220
11302 11927
17831 18384
19965 20502
21775 21970
22251 22628
23165 24430
26771 28071
29540 29722
29891 30736
34641 35177
36276 36631
37157 37544
39263 39819
40430 40691
42145 42147
42186 42796
48547 48577
48631 49290
53616 54203
54384 54966
58361 59862
/home/lol/total_full_video/20200618_KT_DYN_1_full.mp4
17
13527 13753
16257 16470
23455 23814
24518 25105
40417 41277
41637 42224
44755 44975
45638 45899
47570 47937
51110 51843
58391 58566
58673 58953
61002 62181
69875 69934
70127 70473
70990 71833
74603 75889
/home/lol/total_full_video/20200618_KT_DYN_2_full.mp4
10
8728 8816
8811 8850
8878 10291
12653 13022
16879 17475
24201 24745
25785 26386
28666 28843
39391 40648
41099 43218
/home/lol/total_full_video/20200619_DWG_SB_1_full.mp4
15
8086 8297
10264 10854
20168 20314
20304 20348
20379 20448
22731 24083
24261 24720
25018 25430
30662 31044
33042 33887
36834 37157
38704 39084
40049 40432
43972 44607
45188 45797
/home/lol/total_full_video/20200619_DWG_SB_2_full.mp4
16
3919 4193
6848 7287
7635 8084
10653 11761
12340 12606
14995 15648
16279 16550
17315 18021
21887 22327
22477 23223
26201 27479
29263 29346
30793 32475
34188 35358
41526 42384
42753 43566
/home/lol/total_full_video/20200619_GEN_DRX_1_full.mp4
18
4491 4624
6538 6730
13484 13732
19957 20016
20212 20858
21555 21879
25681 25886
26272 26713
29172 29597
31771 32615
36452 36709
43112 43151
43197 43666
46074 46382
46605 46678
46907 47057
51510 52821
53076 53311
/home/lol/total_full_video/20200619_GEN_DRX_2_full.mp4
9
3233 4363
9470 9940
10168 10961
21408 21702
25210 26662
27970 28795
44450 44890
48967 49164
52865 54579
/home/lol/total_full_video/20200619_GEN_DRX_3_full.mp4
22
7719 7720
8442 8960
10589 10897
11791 13009
13180 13637
15909 15914
15994 16171
16473 16560
17109 17438
18769 19305
23253 23341
23518 23691
23941 24106
29373 30934
35616 36100
37216 37725
45069 45232
49932 50169
50611 51394
62456 62486
62537 62827
63478 65047
/home/lol/total_full_video/20200620_DYN_AF_1_full.mp4
15
4449 4450
4463 4715
6120 6621
14526 15185
19392 19611
20276 20537
21800 22177
40434 40991
50040 50319
54110 54592
62307 62785
63015 63508
63722 63965
64133 64702
67778 68855
/home/lol/total_full_video/20200620_DYN_AF_2_full.mp4
20
8430 8431
10914 11691
12613 12874
16202 16474
18771 19158
26495 27304
27932 28602
32140 32460
32757 33028
36466 37356
42106 42804
52292 53820
58128 59361
66045 66568
67388 67676
70862 71327
71370 71812
76046 76262
77371 78629
81594 81725
/home/lol/total_full_video/20200620_DYN_AF_3_full.mp4
10
8838 8868
17860 18144
18738 19298
24972 25586
30507 31062
37108 37406
37901 38522
42928 43311
51754 52800
54849 55139
/home/lol/total_full_video/20200620_T1_HLE_1_full.mp4
17
9576 9898
11818 12237
15678 16020
24000 24374
24738 25022
30770 31347
32847 33002
40412 40683
42520 42676
46472 46502
47324 47969
48890 49167
51133 51481
55029 55167
55608 55799
56056 56194
56655 57011
/home/lol/total_full_video/20200620_T1_HLE_2_full.mp4
0
/home/lol/total_full_video/20200620_T1_HLE_3_full.mp4
21
10364 10899
15393 15423
15409 15457
15484 15661
16397 16614
21266 21531
22218 22828
24617 24923
28508 28926
32438 32651
37592 37935
38758 39317
39494 39624
39827 40274
43004 43163
46871 47445
51655 51997
52128 52566
53400 53756
56902 57213
57386 58584
/home/lol/total_full_video/20200621_KT_GEN_1_full.mp4
27
4565 4868
6877 8002
11561 11843
13454 13719
14990 15263
15607 16000
16891 17750
22866 22874
23095 23096
23100 23187
28260 28322
29366 29531
32578 32743
35160 35606
36259 37041
40826 40836
40903 41196
46253 47424
51214 51456
52694 52988
59341 59662
62022 62195
66601 66602
66614 66636
66663 67069
71496 72266
72554 73164
/home/lol/total_full_video/20200621_KT_GEN_2_full.mp4
25
3387 3677
8852 8989
12740 12765
12804 14191
14666 15082
16208 16444
18692 19147
23854 24928
25665 26378
28676 29151
29622 29928
33577 34408
38024 38719
42304 42548
44184 44979
45296 45819
49163 49641
49808 50133
54193 55255
57480 57568
57626 57743
60773 61096
62061 63224
63393 63948
66095 66194
/home/lol/total_full_video/20200621_KT_GEN_3_full.mp4
17
1567 2416
7308 7717
12040 12281
15825 16599
22140 22291
22582 23040
29583 30482
34328 34886
35103 35224
37657 38039
39795 40417
44463 45848
50060 50327
51040 52354
55013 55896
59443 59935
60263 61168
/home/lol/total_full_video/20200621_SP_DWG_1_full.mp4
1
9654 9655
/home/lol/total_full_video/20200621_SP_DWG_2_full.mp4
22
3691 4026
6444 7112
7404 7589
7882 8291
11978 12231
12828 13216
16081 17356
20969 21231
22293 23071
27242 27863
28235 28894
32730 33083
33514 33724
35504 35720
37852 38411
39677 40547
41287 41927
45990 46348
46482 46720
47486 47722
47823 47913
48529 49748
/home/lol/total_full_video/20200624_DYN_SP_1_full.mp4
15
7986 9093
11305 11561
12915 13224
17750 17823
17837 17936
22727 23185
27250 27533
32749 33592
43116 43323
43494 43987
47798 48382
48728 48758
48863 49273
53127 53186
53246 53685
/home/lol/total_full_video/20200624_DYN_SP_2_full.mp4
16
3283 3444
5248 5858
15047 15630
22743 22761
22816 22972
23966 24540
27162 27845
28041 28419
29279 29624
29891 30153
34051 34504
40326 41231
45196 45585
45782 46351
47056 47188
49649 51478
/home/lol/total_full_video/20200624_DYN_SP_3_full.mp4
13
4145 4374
6325 7294
8660 9027
14625 14885
22538 22651
23005 23395
26531 27205
35236 35701
42099 42324
42695 43321
44138 44515
47825 48094
49957 51059
/home/lol/total_full_video/20200624_HLE_KT_1_full.mp4
15
14690 14900
15183 15546
22373 22858
23517 23671
24151 24706
32821 33098
33340 33601
34348 34676
46084 46893
51215 51245
51285 51431
55383 55769
58827 59846
63637 64087
64886 65574
/home/lol/total_full_video/20200624_HLE_KT_2_full.mp4
15
10490 10689
20824 21144
22043 22466
26052 26963
29501 29778
30151 31053
32270 32682
38921 39803
41282 41998
44764 44794
44872 45438
47029 47905
49269 49525
50573 51122
51595 53799
/home/lol/total_full_video/20200625_DRX_SB_1_full.mp4
11
5251 5513
7082 7359
18636 18923
29574 29961
39428 40108
41740 41744
42358 43693
46880 47751
51976 52635
55674 56466
57042 58087
/home/lol/total_full_video/20200625_DRX_SB_2_full.mp4
12
11649 12251
14090 14512
22825 22833
22882 24195
26469 26767
27702 28227
34061 34444
35610 36001
36934 37836
43513 44024
46166 47684
50699 52398
/home/lol/total_full_video/20200625_DRX_SB_3_full.mp4
13
11581 11582
15214 15685
20954 21374
23511 24065
27905 28407
33137 33587
35226 35609
44786 44793
44836 45156
45357 46412
47463 47671
60169 60950
61225 61786
/home/lol/total_full_video/20200625_GEN_DWG_1_full.mp4
1
15574 15575
/home/lol/total_full_video/20200625_GEN_DWG_2_full.mp4
15
7486 7916
18583 19338
20486 21213
21772 22938
27138 27819
33047 33306
41075 43025
45014 45772
46547 47415
51781 52093
55043 55322
58831 58838
58906 58958
58992 59504
59963 60511
/home/lol/total_full_video/20200625_GEN_DWG_3_full.mp4
0
/home/lol/total_full_video/20200626_AF_T1_1_full.mp4
20
8411 8412
12596 12597
12581 12631
12658 12750
13754 14194
18770 19310
22228 22731
26482 27255
33940 34529
35144 35302
38117 38263
39670 40009
44916 45071
45579 46475
50687 51707
52398 53398
54958 55853
59093 59415
60200 61406
64427 64564
/home/lol/total_full_video/20200626_AF_T1_2_full.mp4
9
15944 15945
22468 22740
29950 30219
32901 34190
35894 36137
36642 37552
40094 41188
44350 44468
45452 46887
/home/lol/total_full_video/20200626_AF_T1_3_full.mp4
19
4690 4957
8303 8333
8478 9118
12917 12950
12997 13651
15351 15596
17669 17996
23364 23635
25945 26772
32665 32813
32817 32847
32877 33516
35293 35499
39563 40414
43307 43899
44169 44848
52271 53175
56542 57679
65534 66842
/home/lol/total_full_video/20200626_HLE_DYN_1_full.mp4
0
/home/lol/total_full_video/20200626_HLE_DYN_2_full.mp4
15
7273 7274
17370 17371
15564 15570
15606 16296
17375 17599
27697 28192
28815 29116
30500 31004
31800 31976
33710 33926
37593 38013
39637 40548
43017 43192
47959 48121
52085 53810
/home/lol/total_full_video/20200627_DWG_KT_1_full.mp4
1
8431 8432
/home/lol/total_full_video/20200627_DWG_KT_2_full.mp4
17
4346 4573
4919 5217
6472 6589
6761 6803
7508 8175
8892 9309
10995 11299
11537 11786
16091 16440
16943 18020
20276 21413
27907 28794
31026 32246
33985 34826
38550 38609
38621 38643
38670 40039
/home/lol/total_full_video/20200627_SP_GEN_1_full.mp4
18
4204 4392
6364 6645
15909 15968
16050 16738
17506 18133
21343 21805
24192 24628
26289 26828
29967 30707
33704 34207
39938 40406
44774 45373
45587 46053
46784 47510
50023 50312
50801 50995
51394 52220
55173 55308
/home/lol/total_full_video/20200627_SP_GEN_2_full.mp4
19
9217 10206
13085 13713
16221 16655
16937 18332
20398 21242
23105 23555
28790 29004
31539 31866
34338 34844
35408 36125
38124 38425
38717 39487
40106 41240
44440 44880
46241 47133
48810 49077
49455 49688
49730 50089
51827 53090
/home/lol/total_full_video/20200628_AF_DRX_1_full.mp4
15
4451 4817
9078 9758
13767 14156
18134 18545
24200 25122
29242 29791
34366 35417
37857 38814
40662 41395
47754 47784
47881 48430
48670 49462
55892 55893
55895 56040
56066 58030
/home/lol/total_full_video/20200628_AF_DRX_2_full.mp4
18
3935 3952
3999 4185
6863 7366
8167 9363
19729 19759
19817 20268
21385 22435
26817 26934
26998 27223
28607 29006
32104 33126
35610 36343
42296 43497
51333 53319
55105 56035
61672 63070
69221 70669
71195 71812
/home/lol/total_full_video/20200628_SB_T1_1_full.mp4
23
5455 5702
18550 18918
20219 21019
22089 22464
22872 23392
24066 24300
24996 25681
28874 29210
29404 29724
33341 33371
33534 33689
34213 34707
35454 35933
37866 38131
38853 39253
43683 43957
44486 44772
46892 47070
47492 47551
47596 47806
49801 50549
56295 56806
57248 58352
/home/lol/total_full_video/20200628_SB_T1_2_full.mp4
0
/home/lol/total_full_video/20200701_GEN_SB_1_full.mp4
0
/home/lol/total_full_video/20200701_GEN_SB_2_full.mp4
24
2761 3204
9097 9301
14611 14973
15913 16489
20248 20365
20421 21268
23726 24106
24306 24637
25465 25714
26720 27109
27616 28016
29030 29033
29068 29521
30351 31123
34494 34897
36100 36334
39543 39974
40490 41814
42025 42300
44870 45903
47618 47814
47827 47839
48961 50173
50482 50803
/home/lol/total_full_video/20200701_T1_DWG_1_full.mp4
13
21107 21465
22291 22569
25108 25517
32963 33602
37180 37665
39761 40348
45208 45424
45646 46639
47078 47409
56529 56990
57583 59013
59381 59877
62811 64759
/home/lol/total_full_video/20200701_T1_DWG_2_full.mp4
21
6690 6917
7698 8577
8760 9527
12406 12621
15644 16171
25470 25744
29650 29923
32113 32548
41666 41667
39680 39768
39805 39971
43914 45373
48509 48756
51777 52253
55434 55442
55536 56094
68958 69625
70240 70648
73016 73607
84992 86587
86703 88477
/home/lol/total_full_video/20200702_DRX_DYN_1_full.mp4
0
/home/lol/total_full_video/20200702_DRX_DYN_2_full.mp4
0
/home/lol/total_full_video/20200702_HLE_AF_1_full.mp4
10
5625 6062
7384 7762
22327 22624
28902 29530
32419 32854
33857 34164
38580 39352
39972 40619
43008 43646
48439 50330
/home/lol/total_full_video/20200702_HLE_AF_2_full.mp4
17
11306 11676
16113 16509
18301 18662
20025 20788
21116 21612
23041 23440
23646 24294
25441 26063
27985 28465
34241 35360
36524 37586
39213 39879
44105 44665
46471 47034
55897 56815
59685 60541
61461 62339
/home/lol/total_full_video/20200703_GEN_T1_1_full.mp4
13
9697 10018
14577 15510
17593 18057
21037 21173
23788 24412
24667 24907
25679 25990
30557 31207
44798 44992
45391 45991
55834 56508
58813 59374
67850 69955
/home/lol/total_full_video/20200703_GEN_T1_2_full.mp4
0
/home/lol/total_full_video/20200703_KT_SP_1_full.mp4
0
/home/lol/total_full_video/20200703_KT_SP_2_full.mp4
0
/home/lol/total_full_video/20200704_DWG_HLE_1_full.mp4
22
6737 7303
11959 11963
12104 12192
12262 13057
13576 13927
14151 14702
16565 16793
18473 19290
22645 22965
24397 24623
25877 26230
28068 28461
28805 30159
30467 30846
32763 33145
34448 34644
36294 36677
36901 37105
38930 39384
39709 40333
40915 41672
42369 44781
/home/lol/total_full_video/20200704_DWG_HLE_2_full.mp4
0
/home/lol/total_full_video/20200704_DYN_SB_1_full.mp4
22
6299 6641
7682 8411
10852 11210
11836 12459
15142 15869
20757 20916
21718 22046
26714 26963
33070 33300
33299 33334
33391 33461
36302 36844
36968 37143
42076 42777
43305 43669
44487 45052
48922 49244
49458 49632
49882 50261
53068 53881
62889 63176
63951 65723
/home/lol/total_full_video/20200704_DYN_SB_2_full.mp4
18
2268 2485
8605 9082
11902 12749
16348 16700
20014 20353
21976 22269
25351 26604
34301 35135
38548 38814
41818 42068
42506 43136
45900 46065
50711 51600
52195 53685
57303 57555
63531 63881
64142 64437
64702 66264
/home/lol/total_full_video/20200704_DYN_SB_3_full.mp4
13
6268 6414
6667 6919
18027 18820
22129 22598
23364 23627
29205 29388
31048 31703
40606 41258
41627 42041
44341 44912
51305 52044
53408 54365
55042 55624
/home/lol/total_full_video/20200705_KT_AF_1_full.mp4
14
10101 10554
18042 18072
18159 18489
24226 24584
28553 28863
29390 29503
32887 33532
38531 38874
45656 46069
46387 47094
50245 50655
54247 54341
56181 56948
57755 58423
/home/lol/total_full_video/20200705_KT_AF_2_full.mp4
0
/home/lol/total_full_video/20200705_SP_DRX_1_full.mp4
11
7893 8655
11316 12085
15745 16228
17940 18340
21242 21972
28882 29439
32832 33095
44814 45348
47458 48223
50754 52749
55747 55913
/home/lol/total_full_video/20200705_SP_DRX_2_full.mp4
13
7878 7937
7987 8783
9698 9994
17518 18656
20907 21365
22048 23066
26071 26944
31414 32373
32984 33826
34312 34645
37283 37736
39156 39282
40349 42267
/home/lol/total_full_video//home/lol/total_full_video/20200705_SP_DRX_2_full.mp4 can not open
