/home/lol/total_full_video/20200205_KT_GEN_1_full.mp4
14
4528 4534
4853 5380
13869 14736
18642 19004
22086 22401
28699 29482
32531 32800
46579 46696
46777 46894
46885 46928
46955 47118
47871 48712
48986 49191
50007 50588
/home/lol/total_full_video/20200205_KT_GEN_2_full.mp4
5
12523 12947
14993 15311
22369 22735
42704 43449
48393 49179
/home/lol/total_full_video/20200205_KT_GEN_3_full.mp4
12
15283 16047
21836 22550
27363 28432
32969 33703
34507 35044
37896 38917
46325 46869
47183 47671
50539 50804
51888 52270
52665 52940
54884 56530
/home/lol/total_full_video/20200205_T1_DWG_1_full.mp4
16
11696 12083
16764 17466
21436 22125
35403 36184
39425 39622
45435 45494
45495 45554
45581 46138
46284 46821
47778 48097
49123 50360
51887 52236
55441 55750
63606 64610
65302 66737
70974 73010
/home/lol/total_full_video/20200205_T1_DWG_2_full.mp4
15
7954 7984
8038 8475
8794 9463
22738 23232
27503 27730
28456 28790
31349 31682
33743 34118
41346 41405
41431 41780
46567 47721
58123 58910
60086 60860
65038 65738
81649 86416
/home/lol/total_full_video/20200205_T1_DWG_3_full.mp4
12
11884 12411
17009 17573
19592 20095
22405 22734
23936 24430
32423 32588
52428 52679
64093 64935
68845 69025
74510 74888
74987 75554
84678 85270
/home/lol/total_full_video/20200206_GRF_AF_1_full.mp4
21
10167 10468
10908 11241
13652 14035
17091 17627
19930 20270
21895 22542
26948 27311
27997 28610
29123 29388
33944 34388
34620 35097
42877 44096
45075 46065
65674 66554
71490 71653
77347 78206
79335 80244
84483 85446
86026 86914
91300 92019
92617 93257
/home/lol/total_full_video/20200206_GRF_AF_2_full.mp4
18
5899 6045
8612 8870
10781 11614
15592 16101
20028 20365
20619 20737
24434 24580
24626 24838
32118 32555
34960 35426
37611 37967
41168 42078
49161 50566
51673 52441
55253 56075
58532 60101
62792 63884
67652 68928
/home/lol/total_full_video/20200206_SB_APK_1_full.mp4
9
6704 6848
8347 8696
10295 10669
11355 11853
14948 15553
20651 22018
25335 25781
28832 29975
38283 40400
/home/lol/total_full_video/20200206_SB_APK_2_full.mp4
18
6391 6989
7504 7894
8632 9644
15777 15791
15837 15867
15921 16687
19317 20110
20675 21199
25393 26086
28274 28726
35843 36740
40236 40932
41629 41838
45816 46476
47234 48046
48384 48776
50605 50887
52620 53822
/home/lol/total_full_video/20200207_DRX_KT_1_full.mp4
14
3508 3599
11153 11449
21471 22187
22706 23177
32236 32564
35269 35508
42848 42907
42870 42939
42965 43809
52870 53566
54103 54735
55146 55471
55820 56208
61725 63219
/home/lol/total_full_video/20200207_DRX_KT_2_full.mp4
21
6015 6392
6973 7742
8531 9085
19047 19911
22747 23167
25898 26222
27514 27924
28428 28864
31121 31366
31998 32307
33550 34008
37841 37987
38037 38822
41374 42019
45786 46289
46997 47317
48634 49086
53360 53963
55250 55660
56294 56796
60727 62100
/home/lol/total_full_video/20200207_DRX_KT_3_full.mp4
16
5648 5954
10355 10584
13162 13467
17111 17463
21267 21578
23804 24424
25907 26371
27882 28230
33204 33573
36976 37368
39900 40587
42149 42395
52446 53343
55232 55534
60864 61592
65145 67134
/home/lol/total_full_video/20200207_HLE_T1_1_full.mp4
16
4930 5293
11169 11892
17063 17209
17277 17790
21253 21597
22088 22147
22234 22565
22713 23217
25050 25623
42041 42540
48279 49278
52162 53097
58159 58361
58403 59041
62330 62927
65766 67044
/home/lol/total_full_video/20200207_HLE_T1_2_full.mp4
12
16236 16726
17565 18039
19126 19655
22504 23262
29232 29540
32428 33044
33866 34362
37393 37919
40830 41315
41647 42304
46649 47090
51901 53308
/home/lol/total_full_video/20200207_HLE_T1_3_full.mp4
19
6725 6923
19943 20384
20818 21243
29728 30434
30729 30992
33042 34133
38593 39833
42288 42774
43188 43567
52498 53577
54169 54639
57071 57108
57168 58256
62303 63974
67164 68104
69645 70141
75124 76163
76927 77102
77161 78329
/home/lol/total_full_video/20200208_APK_DWG_1_full.mp4
13
9143 9473
17210 17490
22844 23090
38762 39087
41888 42381
43745 45054
47232 48322
51508 52300
54715 54900
55269 55471
56177 56184
56309 56512
56638 57393
/home/lol/total_full_video/20200208_APK_DWG_2_full.mp4
17
11041 11176
13461 14743
18446 18709
20660 21232
24458 24461
25471 25807
26275 27042
31012 31430
32127 32719
35096 36135
38597 39871
40484 41500
43661 43924
44232 44565
44891 45268
49431 50203
50821 51758
/home/lol/total_full_video/20200208_GEN_GRF_1_full.mp4
9
3050 3339
14370 14463
14516 14518
14677 15408
18877 19539
40975 42148
45456 46509
47903 48199
50186 51005
/home/lol/total_full_video/20200208_GEN_GRF_2_full.mp4
11
5426 5836
9450 9799
15747 16087
31962 33274
36065 36499
38714 39160
43955 44784
48938 49561
52435 53386
61897 63580
70150 71473
/home/lol/total_full_video/20200209_AF_HLE_1_full.mp4
14
9322 9863
12990 14068
18629 18917
19550 20031
20518 21761
26571 26942
35212 35400
35436 35544
38117 38981
44174 44890
53740 54532
55135 55223
55290 55819
58569 59558
/home/lol/total_full_video/20200209_AF_HLE_2_full.mp4
13
7297 7626
12156 13122
18640 19580
21348 21711
22384 22904
27409 27715
28644 29541
29866 30658
33910 34653
37130 37539
41886 42353
45878 47457
50343 50510
/home/lol/total_full_video/20200209_AF_HLE_3_full.mp4
15
7808 8150
8442 8656
15377 15796
16748 17598
23113 24036
24216 24508
27215 27705
40587 41464
45629 46533
53364 55066
59456 59469
59514 60055
60672 60757
60850 61303
65302 66584
/home/lol/total_full_video/20200209_SB_DRX_1_full.mp4
16
6963 7238
15026 15059
15117 15499
19769 19772
19832 20956
26659 27473
31826 32033
33194 33485
34401 34898
38015 38720
42407 42606
44869 45421
45935 47876
50472 51076
55181 56214
63544 65023
/home/lol/total_full_video/20200209_SB_DRX_2_full.mp4
14
11014 11125
11777 12101
12719 13188
15929 16016
23777 25063
26677 27463
34372 34733
35167 35670
38722 38940
43400 44234
45385 46018
48734 48996
49096 49677
57481 58855
/home/lol/total_full_video/20200209_SB_DRX_3_full.mp4
27
3572 3764
7564 8060
10234 10571
12258 12686
18089 18139
18180 18558
18937 19409
21046 21338
22920 23516
25243 25652
27707 28121
32269 32493
38344 39572
39694 39934
47077 47388
47609 47979
57742 57916
57932 58049
59703 59974
61071 62812
68518 68722
68725 68871
68926 68927
68925 69105
69136 69462
73153 73879
82316 84679
/home/lol/total_full_video/20200212_APK_AF_1_full.mp4
23
3236 3443
7912 8264
8830 9505
14889 16581
21938 22051
22125 22474
24383 24660
25253 25631
31084 31528
32750 33061
33398 33811
36163 36570
38161 38539
42218 42636
47684 47866
48863 49483
52256 52583
52843 52989
53037 53191
58002 59154
61742 62850
69648 70448
73487 75633
/home/lol/total_full_video/20200212_APK_AF_2_full.mp4
25
13076 13077
17977 18406
18920 18950
19072 19661
21815 22196
22533 22760
25282 25497
26062 26489
30441 30848
31764 31910
33330 33603
36841 37649
38551 38838
40273 40512
48991 49050
49177 49352
49342 49402
49430 49561
51239 51743
53041 53273
55677 56028
60658 62579
65021 65269
68009 68327
70235 71744
/home/lol/total_full_video/20200212_APK_AF_3_full.mp4
14
6880 6997
6976 7031
7054 7241
8791 9068
9339 9651
12103 13756
17316 18319
23686 24025
27756 28231
29068 29447
41213 41593
43583 43844
46206 47213
51258 53172
/home/lol/total_full_video/20200212_GRF_SB_1_full.mp4
17
4286 4405
4412 4467
10024 10404
10826 10918
23210 23642
25116 25503
29363 30506
31184 31446
33784 34457
43061 43223
50596 50971
52704 53031
62961 63723
65929 66422
69717 70245
70995 71404
74133 74269
/home/lol/total_full_video/20200212_GRF_SB_2_full.mp4
22
7410 8121
17793 18511
22274 22800
24825 25119
25167 25469
31287 31491
34102 34530
36134 36912
39183 39689
40102 40382
40899 41426
44991 45560
51463 51638
51684 51714
53982 54285
56786 57797
61317 61870
62190 62952
63629 64550
65236 66544
69750 70319
70900 72873
/home/lol/total_full_video/20200212_GRF_SB_3_full.mp4
11
21015 22403
32208 32788
33664 34709
38693 39568
40366 40891
41598 41799
41859 42077
44222 44989
52303 52362
52406 52716
64105 66160
/home/lol/total_full_video/20200213_DRX_HLE_1_full.mp4
16
7055 7183
8441 8883
16408 16611
16626 16845
19202 19550
19838 20320
20613 20807
22608 22982
23344 23687
26667 26824
27618 28143
37008 37171
39451 39654
42411 43527
43941 44719
50924 52527
/home/lol/total_full_video/20200213_DRX_HLE_2_full.mp4
17
8735 8910
8980 9405
15922 16300
18559 19820
23616 23917
24541 24855
25407 25711
27703 28245
29137 29538
31916 32576
37308 38422
39197 39488
41307 42541
44075 44488
44658 45380
48123 50320
53650 55239
/home/lol/total_full_video/20200213_KT_T1_1_full.mp4
15
19838 20330
21650 22596
23296 23721
27777 28613
30073 30401
30911 31909
35213 35705
40335 40975
41368 41398
41474 41915
45788 46847
52073 52161
52255 52488
56340 57178
57956 58448
/home/lol/total_full_video/20200213_KT_T1_2_full.mp4
16
10347 10406
10375 10440
10469 11489
13430 14549
19135 20059
21614 21918
22376 23049
26018 26382
28684 29031
29542 29915
33244 33300
33346 33869
38838 39013
39063 39194
44675 45303
47759 49456
/home/lol/total_full_video/20200214_DWG_GEN_1_full.mp4
0
/home/lol/total_full_video/20200214_DWG_GEN_2_full.mp4
16
3546 3813
4105 4456
7092 8612
10686 11010
12185 13150
15838 16400
20472 21003
22020 23248
26405 27345
36910 37210
37479 38681
39409 39683
39914 40117
40937 41305
44728 45519
51647 52730
/home/lol/total_full_video/20200214_GRF_APK_1_full.mp4
22
13321 13685
15290 15496
20797 21062
29066 30207
30667 31100
31104 31312
33052 33316
36557 36756
37043 37310
39967 40403
47388 47394
47457 47733
50247 50485
51133 52213
56012 56808
62302 62625
67093 67856
69055 71405
71599 71851
72218 72760
73786 75312
78398 78531
/home/lol/total_full_video/20200214_GRF_APK_2_full.mp4
27
5207 5394
5770 6760
13040 13615
18785 18910
18964 19447
22306 23038
23481 24010
28220 28694
32356 32926
33163 33359
36222 36955
40591 40944
41675 42444
45434 46163
47413 48171
48972 49514
49803 50379
51907 52301
52683 52858
53577 53940
57196 57970
63448 64121
64786 65108
66682 67259
67882 68603
69288 70207
73363 73497
/home/lol/total_full_video/20200214_GRF_APK_3_full.mp4
23
7415 7703
9522 9822
14263 14748
21377 22304
25615 25926
29752 30320
31904 32345
38892 38922
38980 39468
47901 48222
49441 50291
52925 53108
57981 58011
58010 58045
58073 58489
59589 60133
61156 61929
66528 66660
69399 70217
70604 71536
74168 74899
79260 79560
82425 83528
/home/lol/total_full_video/20200215_AF_DRX_1_full.mp4
17
13596 13833
13897 14305
14751 14883
15122 15394
19150 19456
19689 20478
25907 26702
29758 31528
36574 36968
40276 41076
41628 42201
47911 49945
52924 54117
55040 55565
59906 60052
63737 65683
68791 68972
/home/lol/total_full_video/20200215_AF_DRX_2_full.mp4
14
6172 6610
16281 16517
16806 17329
20095 20971
24667 24745
24790 26820
28874 29146
32650 33480
37485 38716
44763 44990
45461 46174
55589 55677
55744 56949
59067 60792
/home/lol/total_full_video/20200215_AF_DRX_3_full.mp4
10
7743 8150
9634 9887
17965 18392
18665 18989
19819 20882
25680 26658
29204 29719
36110 36964
37241 37675
43810 46110
/home/lol/total_full_video/20200215_HLE_SB_1_full.mp4
19
15663 16277
19345 20697
24207 24688
25429 26037
36112 36113
35848 35936
35957 36016
36131 36537
37378 37671
38895 39278
39633 41008
43057 43828
47897 48494
50748 51911
54923 55252
56479 57023
59420 60821
65211 66169
73469 75374
/home/lol/total_full_video/20200215_HLE_SB_2_full.mp4
20
3823 4083
7882 8781
18049 18887
23474 23649
23697 24013
35366 35899
44514 44979
45093 45356
50158 50594
52064 52239
57309 58629
59753 60696
61374 61611
68997 68998
68962 69011
69042 69305
72062 72634
72973 74342
77105 78391
79144 80055
/home/lol/total_full_video/20200216_DWG_KT_1_full.mp4
10
7665 7720
9120 9179
19880 19885
22735 22769
22834 23067
27301 27920
40975 41638
44492 45369
47707 48770
50434 52035
/home/lol/total_full_video/20200216_DWG_KT_2_full.mp4
15
12363 12818
18008 18382
22032 22270
23414 23596
23723 23953
28187 28950
29471 29911
32837 33454
42732 43038
43538 43781
44055 44774
45535 46342
53725 54159
57405 58693
59474 60287
/home/lol/total_full_video/20200216_T1_GEN_1_full.mp4
21
9553 9960
11463 11817
14981 15362
21093 21675
24005 24278
24456 24615
25779 26484
29639 29888
41467 41905
45717 46072
46665 47419
55337 55755
57983 59028
61556 62315
66451 66883
69024 70074
70503 71697
72523 73151
76844 77462
78000 78588
81629 81723
/home/lol/total_full_video/20200216_T1_GEN_2_full.mp4
13
8844 8932
8904 8966
9406 10045
11361 11364
21416 21978
26226 26923
35280 35428
46163 46164
46160 46198
46225 47125
50601 51096
51846 52523
55505 57508
/home/lol/total_full_video/20200216_T1_GEN_3_full.mp4
16
12556 12995
17390 17790
22073 22773
23046 23503
35505 35825
43866 44359
46146 46439
47968 48832
53761 54144
55263 55587
56567 56916
57173 57369
59214 59854
60978 61501
64851 65647
68890 70432
/home/lol/total_full_video/20200219_DRX_T1_1_full.mp4
16
6812 7222
13791 14365
20141 21716
28105 29329
32985 34323
40762 41158
43548 43877
43961 44561
49291 50162
53328 53591
53648 53909
54561 55459
55976 56383
56586 57168
57196 57453
61304 62911
/home/lol/total_full_video/20200219_DRX_T1_2_full.mp4
12
11945 12563
19834 20530
24484 25124
33548 33578
33627 35303
41956 43314
51123 52003
55421 55619
56250 56536
57867 58344
61178 62284
65216 65367
/home/lol/total_full_video/20200219_DRX_T1_3_full.mp4
17
3524 3793
4192 4588
19164 19455
19680 19976
20843 21425
22789 23075
26394 26482
26534 26800
29819 30517
31086 31855
44144 44324
44825 45640
51162 52254
54376 55112
58343 59068
59246 59556
61862 63559
/home/lol/total_full_video/20200219_GEN_HLE_1_full.mp4
13
7622 7873
17080 17616
22582 22785
23288 23678
28593 29454
33372 34350
38742 39214
43384 44145
46983 47992
48154 48416
56023 56214
56402 57422
57905 58256
/home/lol/total_full_video/20200219_GEN_HLE_2_full.mp4
22
5355 5793
7528 7724
8765 9114
9823 10526
10799 11204
13680 14202
14380 14846
15004 15254
20374 20859
22907 23345
23860 24083
28152 28245
28286 28790
31154 31243
31724 31963
35559 36722
38386 39377
41104 41401
41625 42731
45518 45657
46357 47174
48428 50507
/home/lol/total_full_video/20200220_GRF_DWG_1_full.mp4
0
/home/lol/total_full_video/20200220_GRF_DWG_2_full.mp4
12
7667 8233
11316 11608
12479 12872
19168 19431
26160 26417
30703 30819
37839 38474
41155 41414
41746 42215
46827 47092
51027 52726
52747 52825
/home/lol/total_full_video/20200220_GRF_DWG_3_full.mp4
16
6654 7795
12973 13032
13117 13314
20193 20868
23632 25121
27550 28159
31636 32023
33282 33920
38235 38555
41636 42149
45587 45950
48797 49060
50817 51145
51475 51933
52396 53162
53968 54270
/home/lol/total_full_video/20200220_KT_APK_1_full.mp4
25
6484 7150
10798 11195
12542 12743
12799 13032
16751 17062
18932 19194
26097 26496
27141 27470
28239 28871
34074 34550
41136 41718
42424 42932
51635 51636
51636 51811
51839 52527
54794 55304
59846 60315
60699 61061
63252 63789
64296 64939
65526 66020
66619 66970
69764 70155
71790 72954
73498 74047
/home/lol/total_full_video/20200220_KT_APK_2_full.mp4
16
15589 16776
23759 23760
23759 23938
23963 24901
27902 28243
31997 32184
35258 36114
38856 39189
41770 42350
43038 43450
46388 46808
47920 48387
50228 50659
51506 52846
56011 56604
61157 62437
/home/lol/total_full_video/20200221_DRX_GEN_1_full.mp4
13
14936 15285
15497 15737
26197 26660
26967 27298
28268 28603
30875 31798
34368 34565
46121 46692
47218 47921
52169 52837
58057 58576
64629 67475
71267 71394
/home/lol/total_full_video/20200221_DRX_GEN_2_full.mp4
12
6786 7126
10209 11349
11946 12273
14019 14320
17095 17876
20581 20847
25314 25717
33798 33886
33928 34084
42536 43583
46022 46654
54990 56789
/home/lol/total_full_video/20200221_DRX_GEN_3_full.mp4
20
3314 3639
5153 5487
6354 6413
6548 7801
8299 8734
13696 13726
13824 14505
18506 19127
19748 20561
21938 22244
24381 24805
28390 28917
34801 35993
39202 39209
39295 39805
40304 41061
44346 45235
49394 50472
54653 55908
57891 59691
/home/lol/total_full_video/20200221_SB_AF_1_full.mp4
20
7113 7511
14023 14140
14138 14224
14254 14535
29636 29921
30741 31194
37254 37623
38719 40140
41365 41954
42807 43563
50833 51570
52059 52946
54208 55094
65707 65742
65788 66021
66285 67092
68059 68873
69902 70249
75000 75360
79693 81310
/home/lol/total_full_video/20200221_SB_AF_2_full.mp4
19
6989 7169
7161 7168
11791 12507
18370 18675
19016 19234
29711 30401
34349 34643
39845 39904
39910 39998
40024 40083
44371 44375
44427 44721
47343 47882
48211 49007
51169 51547
53231 54433
57046 58421
61257 61849
62300 62741
/home/lol/total_full_video/20200221_SB_AF_3_full.mp4
19
6749 6750
6750 7324
8457 8909
9826 10553
11003 11333
15723 15878
15922 16309
20715 20953
20992 21543
22242 23173
27555 27942
34518 34548
34536 34582
34608 34994
35147 35315
45565 46432
50825 51019
52002 52581
57100 58584
/home/lol/total_full_video/20200222_APK_T1_1_full.mp4
11
11690 11720
11773 12202
15757 16541
23826 24265
33872 34192
34764 35242
39074 40159
45198 45565
45916 46153
49331 50173
55373 57869
/home/lol/total_full_video/20200222_APK_T1_2_full.mp4
16
11583 11871
12940 13220
20021 20587
29333 29894
32956 33769
34569 35861
36556 36893
39524 40161
44400 45273
51474 52234
55635 57179
57959 58658
62957 63492
64000 64415
65490 65739
66031 67687
/home/lol/total_full_video/20200222_HLE_GRF_1_full.mp4
13
3374 3916
11574 12129
21908 22363
26898 27191
34101 34102
32031 32211
38063 38827
40985 41597
46423 47100
53302 53567
59362 59931
60605 60953
62485 65936
/home/lol/total_full_video/20200222_HLE_GRF_2_full.mp4
14
15427 16076
29224 29225
29230 29259
29288 29352
38528 39280
43698 44727
47406 47751
48599 48629
48782 49975
51677 53550
56626 57002
59043 59559
61161 61329
64349 67895
/home/lol/total_full_video/20200222_HLE_GRF_3_full.mp4
13
5717 5767
5867 6115
12886 13614
15757 16638
23852 24501
27596 28457
29819 29967
31081 31521
40034 41507
43232 44304
46263 46542
47141 49009
50122 51487
/home/lol/total_full_video/20200223_AF_KT_1_full.mp4
14
10522 11722
17475 17903
18172 18645
25667 26542
29929 30978
41739 41740
41747 41797
41818 42329
42895 43809
48782 50510
52328 52997
57048 57087
57129 58676
61451 61597
/home/lol/total_full_video/20200223_AF_KT_2_full.mp4
18
3392 3504
6614 7510
8739 9183
16509 16802
16778 16866
16907 17206
19968 20694
23550 23908
24316 24841
27558 28017
28830 29020
33606 34744
46912 47463
48725 49353
50300 51907
58248 58724
61889 63050
66221 68299
/home/lol/total_full_video/20200223_AF_KT_3_full.mp4
16
1760 2299
3261 3630
4169 4808
5177 5786
6817 7149
9464 10193
23267 24135
30663 31222
34300 35027
39117 40099
45652 46108
47009 47987
49366 49771
61852 62546
63199 64684
64713 64843
/home/lol/total_full_video/20200223_SB_DWG_1_full.mp4
11
8618 8619
16003 16266
20256 21099
44017 45124
47172 47476
49453 50611
53257 53734
54014 54229
55063 56040
56576 57440
58289 58900
/home/lol/total_full_video/20200223_SB_DWG_2_full.mp4
21
7234 7756
9578 10034
12565 12994
14373 14787
16379 17019
18844 19668
20310 20723
28720 29345
30644 31080
31887 32399
33353 33875
36591 38048
39366 39801
42266 42596
43276 44732
49364 50355
53025 53460
53814 54700
55552 56646
61057 61681
62330 63704
/home/lol/total_full_video/20200226_KT_SB_1_full.mp4
20
8692 8917
11362 11683
17550 18137
21521 22046
27984 28267
29024 29466
32773 33011
33263 33433
33561 33880
34134 34513
43167 43491
45195 46098
48239 48547
49105 49528
49942 50232
51437 51942
54700 55453
59182 59241
59360 59833
60131 60683
/home/lol/total_full_video/20200226_KT_SB_2_full.mp4
14
4498 5108
6923 7365
8106 8194
8248 8428
11679 11916
12289 12632
18546 18994
28478 28974
40902 41488
41707 42294
44863 45072
52375 53414
58564 60235
63266 63414
/home/lol/total_full_video/20200226_KT_SB_3_full.mp4
8
10253 10422
23097 24439
26283 26848
38889 39283
39776 40612
42913 43339
44817 45744
46197 47735
/home/lol/total_full_video/20200226_T1_GRF_1_full.mp4
9
18369 18548
18602 18864
22170 22860
23717 23864
30347 30812
39982 40430
42708 44075
44308 44574
48109 49971
/home/lol/total_full_video/20200226_T1_GRF_2_full.mp4
19
3391 4028
6218 6627
10060 10744
17982 18673
19037 19777
28969 29554
34810 36260
38677 39222
41460 41582
41588 41611
42053 42385
43870 44779
45970 46734
49505 50090
51792 52141
54030 54918
58934 59668
59935 60509
61202 61819
/home/lol/total_full_video/20200227_GEN_AF_1_full.mp4
24
5252 6114
7652 8117
15595 15966
18193 18463
19059 19413
23775 24310
30050 30825
36320 36553
36993 37355
43994 44265
46017 46265
46692 47156
51377 51599
52486 52703
52936 53122
59456 59763
65013 66496
67985 68478
69480 69888
76186 77198
77707 78341
79991 80544
81228 81838
85749 85969
/home/lol/total_full_video/20200227_GEN_AF_2_full.mp4
19
3190 3426
10576 11018
11587 11853
13180 13744
15599 16338
19369 19919
20961 21495
21659 22100
23320 23576
24449 25246
27094 27443
29324 29537
37494 38151
42609 43350
43719 44852
47490 47578
47633 48173
48448 49379
51794 53192
/home/lol/total_full_video/20200227_GEN_AF_3_full.mp4
8
10329 12208
23036 23086
23570 24017
34595 34850
37063 37325
43641 43954
47001 47856
51674 52906
/home/lol/total_full_video/20200227_HLE_DWG_1_full.mp4
15
4285 4492
4798 4960
5711 6225
6949 7155
8207 8412
19403 20739
24020 24482
29206 29624
33438 33885
35985 37013
42943 44528
50077 51759
57174 57310
57714 57834
59407 61410
/home/lol/total_full_video/20200227_HLE_DWG_2_full.mp4
13
6218 7045
8105 8628
11501 11854
16247 16997
17204 17909
18215 18511
24703 24743
24784 25177
25469 25734
40004 41620
42529 43149
46831 47093
47270 49298
/home/lol/total_full_video/20200227_HLE_DWG_3_full.mp4
22
2240 2247
2339 2686
4272 4758
7353 8403
9246 9266
9319 10659
13987 14896
18395 18687
19387 19606
25987 27312
28139 28336
30382 30924
32123 32211
32202 32245
32267 32739
33110 33733
37083 38051
43178 43942
46848 47719
51728 51990
58377 59261
59812 60513
/home/lol/total_full_video/20200228_APK_DRX_1_full.mp4
16
9343 9518
15118 15278
18562 18759
20329 20591
21364 21962
24372 24738
26431 26789
28575 29766
33861 34357
35245 35845
36195 36342
41614 42135
42334 42500
43079 43808
44233 45115
48957 50755
/home/lol/total_full_video/20200228_APK_DRX_2_full.mp4
24
3018 3232
3715 3884
4894 5241
7336 8133
10393 11276
11581 12024
12627 12836
13068 13400
14619 14811
15859 16724
18384 19546
21428 21905
21961 22033
22765 23256
34780 36039
36283 36526
38897 39588
41193 41767
44474 44708
45515 46202
46782 46993
52694 53045
54199 55273
55726 56423
/home/lol/total_full_video/20200228_T1_SB_1_full.mp4
13
3964 4622
5710 6123
12386 12731
13127 13528
18985 19408
19663 19808
22681 23303
32114 32910
35321 36053
44245 45073
47326 47926
49960 50575
55119 55859
/home/lol/total_full_video/20200228_T1_SB_2_full.mp4
7
13825 15597
22017 22537
32303 32976
37882 38686
43178 44112
48292 49047
52577 53559
/home/lol/total_full_video/20200229_DWG_AF_1_full.mp4
8
7375 8057
9120 9598
15925 17028
26851 27418
37049 37631
41125 42561
45986 47395
49727 52094
/home/lol/total_full_video/20200229_DWG_AF_2_full.mp4
17
5287 5662
6243 6563
16465 16906
17095 17368
18903 19459
21397 21891
23688 24270
25104 26294
26715 27090
28592 29474
33197 33563
35504 36126
36549 36966
41297 42022
45469 46002
52206 52608
53464 55089
/home/lol/total_full_video/20200229_DWG_AF_3_full.mp4
16
5428 5605
5848 7073
8333 8818
13685 14584
22142 22888
35532 35832
40351 40547
43168 43498
43630 43894
50818 51127
55086 56454
59453 61877
64717 67395
68501 68665
75051 75524
76508 77216
/home/lol/total_full_video/20200229_KT_HLE_1_full.mp4
13
3817 4041
6313 6814
21029 21469
23863 24742
25402 26477
30451 31144
34856 35341
42306 42328
42380 42740
43491 44021
48429 48638
49585 50137
54870 55596
/home/lol/total_full_video/20200229_KT_HLE_2_full.mp4
13
15708 15709
15709 15949
15970 16000
16880 17417
23395 23570
23984 24333
29686 30042
37902 38432
41429 41779
42018 42239
45971 47470
49692 50802
54355 55586
/home/lol/total_full_video/20200301_DRX_GRF_1_full.mp4
19
5417 5930
7845 8039
11068 11285
12255 12764
14901 15492
16064 16310
17813 18433
18918 19358
20273 20785
27753 28489
28720 29028
30814 31005
44825 44994
45664 46281
49246 50159
51147 51784
53196 53342
61838 62555
66994 67828
/home/lol/total_full_video/20200301_DRX_GRF_2_full.mp4
22
14528 14930
19578 20268
23095 23477
24905 25740
27059 27255
28402 28756
30214 31866
33705 34209
34494 34527
34569 34962
35364 35671
35917 36063
36118 36893
37888 38233
39637 40445
40816 41347
43158 44475
45030 45510
49353 49761
50442 51697
55275 56160
56589 58377
/home/lol/total_full_video/20200301_GEN_APK_1_full.mp4
15
7755 8037
12142 12173
12230 12530
12952 13538
19102 19781
21920 22330
25096 26140
27184 27728
38892 39256
40482 40805
41053 41637
45056 45692
46553 46729
47351 47871
50015 51672
/home/lol/total_full_video//home/lol/total_full_video/20200301_GEN_APK_1_full.mp4 can not open
