/home/lol/total_full_video/20200214_DWG_GEN_1_full.mp4
11
18020 19088
21949 22387
23706 24025
25319 26013
31735 32032
35346 35978
42702 43249
43981 44116
46979 47938
50119 51151
56150 58880
/home/lol/total_full_video/20200328_AF_GEN_1_full.mp4
16
3269 3515
7535 7652
7715 7953
8691 9046
13742 15061
20638 20639
20820 21387
25071 26077
30274 30582
32476 33042
42488 43925
60477 61034
61759 62486
63163 64870
66612 66778
70640 72554
/home/lol/total_full_video/20200329_KT_AF_2_full.mp4
10
5357 5689
9900 11015
14450 14787
18790 19429
23139 24257
34391 35180
43959 44382
49194 49583
57696 58830
62112 63188
/home/lol/total_full_video/20200402_DWG_HLE_2_full.mp4
16
13691 14144
14601 14602
15125 15388
18841 19053
21323 22533
24859 25214
27198 27603
27840 28517
30746 30863
32977 33560
35791 36192
36923 37128
37655 38451
40491 41291
42349 42722
44464 45825
/home/lol/total_full_video/20200425_T1_GEN_3_full.mp4
0
/home/lol/total_full_video/20200428_GRF_SRB_3_full.mp4
18
8690 9171
10084 10519
10894 11273
23151 23805
26663 26917
29864 30319
30847 31363
36430 37452
40803 42208
42561 43089
47395 47838
48687 48951
51049 51198
53261 54260
57095 58155
65763 65851
65945 66317
92250 94083
/home/lol/total_full_video/20200620_T1_HLE_2_full.mp4
16
7494 7717
9256 9675
10915 11388
16562 16696
18606 18863
23185 23989
26302 26660
27600 27767
27935 28148
31530 31702
31840 32456
38923 39220
39821 40177
40383 40690
41281 43169
46401 46864
/home/lol/total_full_video/20200621_SP_DWG_1_full.mp4
18
7810 8332
8879 9261
9546 10084
10998 11195
14946 15321
15598 16041
17765 18086
18608 18928
21167 22061
25463 26016
32588 33371
36239 36885
37754 38168
39250 40730
42712 43206
46262 46292
46335 46611
48077 49125
/home/lol/total_full_video/20200625_GEN_DWG_1_full.mp4
10
14746 15799
24290 24817
25890 27008
30935 31584
32080 32430
33098 33249
34752 35252
40414 41463
51821 52989
53693 54234
/home/lol/total_full_video/20200625_GEN_DWG_3_full.mp4
17
4595 5128
8463 9164
12915 13712
14903 15138
16254 16863
17507 17787
22386 22679
22756 23336
27846 28346
30573 31524
33304 33971
34656 35366
38211 39981
41280 41574
47989 48311
50123 50775
51112 52015
/home/lol/total_full_video/20200626_HLE_DYN_1_full.mp4
15
7911 8264
18294 18561
23732 23945
27089 27253
29465 29890
31485 31966
32179 32530
32858 33303
33467 33685
39885 40555
43192 43584
48004 48373
50978 51516
54691 55029
59666 61124
/home/lol/total_full_video/20200627_DWG_KT_1_full.mp4
8
6409 7006
18256 18562
19390 19841
20441 20853
24698 25256
26820 28448
37541 38807
41104 42727
/home/lol/total_full_video/20200628_SB_T1_2_full.mp4
10
16973 17515
20543 21011
28692 29156
41347 41988
45302 45432
47797 48039
52261 53086
54050 54370
56639 57078
61113 63203
/home/lol/total_full_video/20200701_GEN_SB_1_full.mp4
17
6715 6942
10601 11300
14256 14586
21805 22555
27367 27753
28949 29341
31897 32192
39440 39445
39505 40379
42679 43041
43265 43736
45509 46051
46764 47640
49848 50714
56259 57717
57745 57805
60756 60833
/home/lol/total_full_video/20200702_DRX_DYN_1_full.mp4
0
/home/lol/total_full_video/20200702_DRX_DYN_2_full.mp4
16
4273 4536
5136 5503
5822 5946
6200 7104
7515 8524
11683 13841
16562 17333
17804 18120
22624 22626
28102 28374
33013 34212
37582 37777
39244 39914
41624 42256
42550 43219
43853 45716
/home/lol/total_full_video/20200703_GEN_T1_2_full.mp4
10
4949 5512
9529 10262
16871 16881
16936 17491
18395 18984
33997 35278
38765 39547
40373 40729
42529 42813
43943 45394
/home/lol/total_full_video/20200703_KT_SP_1_full.mp4
13
11399 11723
12484 12715
15184 15796
17381 17819
23376 23929
25256 25677
29900 30458
31594 31771
33828 34415
38751 39008
44328 45575
50096 52773
54929 55125
/home/lol/total_full_video/20200703_KT_SP_2_full.mp4
17
7358 7371
7417 7724
8999 9376
14928 15398
16353 16358
16923 17234
17829 18124
19733 20035
21852 22090
23094 23567
33038 34069
36480 36968
38169 38815
45252 45311
45372 45550
51304 51788
53088 55031
/home/lol/total_full_video/20200704_DWG_HLE_2_full.mp4
15
5918 7367
8194 8987
17894 18088
18194 19455
20163 21352
25291 25671
29680 29987
32365 33224
34141 34661
42950 43810
46396 46893
47495 48598
48812 50155
50839 51394
53452 54660
/home/lol/total_full_video/20200705_KT_AF_2_full.mp4
15
4709 5084
5841 7060
17016 17323
22097 22450
25497 26113
26294 26723
32600 32751
33071 33655
39165 39990
40345 40985
43729 44726
57092 58341
58432 59964
63211 63241
63341 64676
